timeout energy time overhead #transitions
0 0.6965536500 1092.074000 0.090000 225
1 0.6996080400 1092.074000 0.090000 225
2 0.7026624300 1092.074000 0.090000 225
3 0.7056973900 1092.074200 0.089200 223
4 0.7086664600 1092.074800 0.086800 217
5 0.7116127300 1092.074800 0.086800 217
6 0.7145590000 1092.074800 0.086800 217
7 0.7175052700 1092.074800 0.086800 217
8 0.7204515400 1092.074800 0.086800 217
9 0.7233778100 1092.074000 0.086000 215
10 0.7262970500 1092.074000 0.086000 215
11 0.7292162900 1092.074000 0.086000 215
12 0.7321355300 1092.074000 0.086000 215
13 0.7350547700 1092.074000 0.086000 215
14 0.7379740100 1092.074000 0.086000 215
15 0.7408932500 1092.074000 0.086000 215
16 0.7438124900 1092.074000 0.086000 215
17 0.7467317300 1092.074000 0.086000 215
18 0.7496509700 1092.074000 0.086000 215
19 0.7525702100 1092.074000 0.086000 215
20 0.7554894500 1092.074000 0.086000 215
21 0.7584086900 1092.074000 0.086000 215
22 0.7613279300 1092.074000 0.086000 215
23 0.7642471700 1092.074000 0.086000 215
24 0.7671664100 1092.074000 0.086000 215
25 0.7700856500 1092.074000 0.086000 215
26 0.7730048900 1092.074000 0.086000 215
27 0.7759241300 1092.074000 0.086000 215
28 0.7788433700 1092.074000 0.086000 215
29 0.7817626100 1092.074000 0.086000 215
30 0.7846818500 1092.074000 0.086000 215
31 0.7876010900 1092.074000 0.086000 215
32 0.7905203300 1092.074000 0.086000 215
33 0.7934395700 1092.074000 0.086000 215
34 0.7963588100 1092.074000 0.086000 215
35 0.7992780500 1092.074000 0.086000 215
36 0.8021972900 1092.074000 0.086000 215
37 0.8051165300 1092.074000 0.086000 215
38 0.8080357700 1092.074000 0.086000 215
39 0.8109550100 1092.074000 0.086000 215
40 0.8138742500 1092.074000 0.086000 215
41 0.8167934900 1092.074000 0.086000 215
42 0.8197127300 1092.074000 0.086000 215
43 0.8226319700 1092.074000 0.086000 215
44 0.8255512100 1092.074000 0.086000 215
45 0.8284704500 1092.074000 0.086000 215
46 0.8313896900 1092.074000 0.086000 215
47 0.8343089300 1092.074000 0.086000 215
48 0.8372281700 1092.074000 0.086000 215
49 0.8401474100 1092.074000 0.086000 215
50 0.8430666500 1092.074000 0.086000 215
51 0.8459858900 1092.074000 0.086000 215
52 0.8489051300 1092.074000 0.086000 215
53 0.8518243700 1092.074000 0.086000 215
54 0.8547436100 1092.074000 0.086000 215
55 0.8576628500 1092.074000 0.086000 215
56 0.8605820900 1092.074000 0.086000 215
57 0.8635013300 1092.074000 0.086000 215
58 0.8664205700 1092.074000 0.086000 215
59 0.8693398100 1092.074000 0.086000 215
60 0.8722590500 1092.074000 0.086000 215
61 0.8751782900 1092.074000 0.086000 215
62 0.8780975300 1092.074000 0.086000 215
63 0.8810167700 1092.074000 0.086000 215
64 0.8839360100 1092.074000 0.086000 215
65 0.8868552500 1092.074000 0.086000 215
66 0.8897744900 1092.074000 0.086000 215
67 0.8926937300 1092.074000 0.086000 215
68 0.8956129700 1092.074000 0.086000 215
69 0.8985322100 1092.074000 0.086000 215
70 0.9014514500 1092.074000 0.086000 215
71 0.9043706900 1092.074000 0.086000 215
72 0.9072899300 1092.074000 0.086000 215
73 0.9102091700 1092.074000 0.086000 215
74 0.9131284100 1092.074000 0.086000 215
75 0.9160476500 1092.074000 0.086000 215
76 0.9189474600 1092.074200 0.085200 213
77 0.9218396700 1092.074200 0.085200 213
78 0.9247124500 1092.074400 0.084400 211
79 0.9275852300 1092.074600 0.083600 209
80 0.9304233800 1092.074600 0.083600 209
81 0.9332691300 1092.074800 0.082800 207
82 0.9360408200 1092.074200 0.081200 203
83 0.9387049600 1092.074600 0.079600 199
84 0.9414079600 1092.074600 0.079600 199
85 0.9441185600 1092.074800 0.078800 197
86 0.9467821300 1092.074200 0.077200 193
87 0.9493257500 1092.074000 0.074000 185
88 0.9517171900 1092.074200 0.071200 178
89 0.9541034300 1092.074400 0.070400 176
90 0.9564432100 1092.074800 0.068800 172
91 0.9587677900 1092.074800 0.068800 172
92 0.9610529400 1092.074200 0.067200 168
93 0.9633068300 1092.074200 0.063200 158
94 0.9653326500 1092.074600 0.057600 144
95 0.9670952000 1092.074200 0.051200 128
96 0.9686254500 1092.074800 0.040800 102
97 0.9698550000 1092.074600 0.033600 84
98 0.9709764300 1092.074400 0.026400 66
99 0.9716744100 1092.074000 0.024000 60
100 0.9724929100 1092.074200 0.023200 58
101 0.9733114100 1092.074400 0.022400 56
102 0.9740758500 1092.074600 0.021600 54
103 0.9747392000 1092.074000 0.020000 50
104 0.9754377500 1092.074600 0.017600 44
105 0.9760324100 1092.074600 0.017600 44
106 0.9765876400 1092.074000 0.016000 40
107 0.9771434400 1092.074400 0.014400 36
108 0.9776299800 1092.074400 0.014400 36
109 0.9780036000 1092.074000 0.012000 30
110 0.9784166500 1092.074200 0.011200 28
111 0.9788297000 1092.074400 0.010400 26
112 0.9791152000 1092.074800 0.008800 22
113 0.9794125300 1092.074800 0.008800 22
114 0.9797098600 1092.074800 0.008800 22
115 0.9799871900 1092.074000 0.008000 20
116 0.9802574900 1092.074000 0.008000 20
117 0.9805277900 1092.074000 0.008000 20
118 0.9808056900 1092.074200 0.007200 18
119 0.9810489600 1092.074200 0.007200 18
120 0.9812922300 1092.074200 0.007200 18
121 0.9815355000 1092.074200 0.007200 18
122 0.9817787700 1092.074200 0.007200 18
123 0.9820220400 1092.074200 0.007200 18
124 0.9822653100 1092.074200 0.007200 18
125 0.9825085800 1092.074200 0.007200 18
126 0.9827518500 1092.074200 0.007200 18
127 0.9829951200 1092.074200 0.007200 18
128 0.9832383900 1092.074200 0.007200 18
129 0.9834816600 1092.074200 0.007200 18
130 0.9837249300 1092.074200 0.007200 18
131 0.9839682000 1092.074200 0.007200 18
132 0.9842114700 1092.074200 0.007200 18
133 0.9844547400 1092.074200 0.007200 18
134 0.9846980100 1092.074200 0.007200 18
135 0.9849412800 1092.074200 0.007200 18
136 0.9851845500 1092.074200 0.007200 18
137 0.9854278200 1092.074200 0.007200 18
138 0.9856710900 1092.074200 0.007200 18
139 0.9859143600 1092.074200 0.007200 18
140 0.9861576300 1092.074200 0.007200 18
141 0.9864009000 1092.074200 0.007200 18
142 0.9866441700 1092.074200 0.007200 18
143 0.9868874400 1092.074200 0.007200 18
144 0.9871307100 1092.074200 0.007200 18
145 0.9873739800 1092.074200 0.007200 18
146 0.9876172500 1092.074200 0.007200 18
147 0.9878605200 1092.074200 0.007200 18
148 0.9881037900 1092.074200 0.007200 18
149 0.9883470600 1092.074200 0.007200 18
150 0.9885903300 1092.074200 0.007200 18
151 0.9888336000 1092.074200 0.007200 18
152 0.9890768700 1092.074200 0.007200 18
153 0.9893201400 1092.074200 0.007200 18
154 0.9895634100 1092.074200 0.007200 18
155 0.9898066800 1092.074200 0.007200 18
156 0.9900499500 1092.074200 0.007200 18
157 0.9902932200 1092.074200 0.007200 18
158 0.9905364900 1092.074200 0.007200 18
159 0.9907797600 1092.074200 0.007200 18
160 0.9910230300 1092.074200 0.007200 18
161 0.9912663000 1092.074200 0.007200 18
162 0.9915095700 1092.074200 0.007200 18
163 0.9917528400 1092.074200 0.007200 18
164 0.9919961100 1092.074200 0.007200 18
165 0.9922393800 1092.074200 0.007200 18
166 0.9924826500 1092.074200 0.007200 18
167 0.9927259200 1092.074200 0.007200 18
168 0.9929691900 1092.074200 0.007200 18
169 0.9932124600 1092.074200 0.007200 18
170 0.9934557300 1092.074200 0.007200 18
171 0.9936990000 1092.074200 0.007200 18
172 0.9939422700 1092.074200 0.007200 18
173 0.9941855400 1092.074200 0.007200 18
174 0.9944288100 1092.074200 0.007200 18
175 0.9946720800 1092.074200 0.007200 18
176 0.9949153500 1092.074200 0.007200 18
177 0.9951586200 1092.074200 0.007200 18
178 0.9954018900 1092.074200 0.007200 18
179 0.9956451600 1092.074200 0.007200 18
180 0.9958884300 1092.074200 0.007200 18
181 0.9961317000 1092.074200 0.007200 18
182 0.9963749700 1092.074200 0.007200 18
183 0.9966182400 1092.074200 0.007200 18
184 0.9968615100 1092.074200 0.007200 18
185 0.9971047800 1092.074200 0.007200 18
186 0.9973480500 1092.074200 0.007200 18
187 0.9975913200 1092.074200 0.007200 18
188 0.9978345900 1092.074200 0.007200 18
189 0.9980778600 1092.074200 0.007200 18
190 0.9983211300 1092.074200 0.007200 18
191 0.9985644000 1092.074200 0.007200 18
192 0.9988076700 1092.074200 0.007200 18
193 0.9990509400 1092.074200 0.007200 18
194 0.9992942100 1092.074200 0.007200 18
195 0.9995374800 1092.074200 0.007200 18
196 0.9997807500 1092.074200 0.007200 18
197 1.0000240200 1092.074200 0.007200 18
198 1.0002672900 1092.074200 0.007200 18
199 1.0005105600 1092.074200 0.007200 18
200 1.0007538300 1092.074200 0.007200 18
201 1.0009971000 1092.074200 0.007200 18
202 1.0012403700 1092.074200 0.007200 18
203 1.0014836400 1092.074200 0.007200 18
204 1.0017269100 1092.074200 0.007200 18
205 1.0019701800 1092.074200 0.007200 18
206 1.0022134500 1092.074200 0.007200 18
207 1.0024567200 1092.074200 0.007200 18
208 1.0026999900 1092.074200 0.007200 18
209 1.0029432600 1092.074200 0.007200 18
210 1.0031865300 1092.074200 0.007200 18
211 1.0034298000 1092.074200 0.007200 18
212 1.0036730700 1092.074200 0.007200 18
213 1.0039163400 1092.074200 0.007200 18
214 1.0041596100 1092.074200 0.007200 18
215 1.0044028800 1092.074200 0.007200 18
216 1.0046461500 1092.074200 0.007200 18
217 1.0048894200 1092.074200 0.007200 18
218 1.0051326900 1092.074200 0.007200 18
219 1.0053759600 1092.074200 0.007200 18
220 1.0056192300 1092.074200 0.007200 18
221 1.0058625000 1092.074200 0.007200 18
222 1.0061057700 1092.074200 0.007200 18
223 1.0063490400 1092.074200 0.007200 18
224 1.0065923100 1092.074200 0.007200 18
225 1.0068355800 1092.074200 0.007200 18
226 1.0070788500 1092.074200 0.007200 18
227 1.0073221200 1092.074200 0.007200 18
228 1.0075653900 1092.074200 0.007200 18
229 1.0078086600 1092.074200 0.007200 18
230 1.0080519300 1092.074200 0.007200 18
231 1.0082952000 1092.074200 0.007200 18
232 1.0085384700 1092.074200 0.007200 18
233 1.0087817400 1092.074200 0.007200 18
234 1.0090250100 1092.074200 0.007200 18
235 1.0092682800 1092.074200 0.007200 18
236 1.0095115500 1092.074200 0.007200 18
237 1.0097548200 1092.074200 0.007200 18
238 1.0099980900 1092.074200 0.007200 18
239 1.0102413600 1092.074200 0.007200 18
240 1.0104846300 1092.074200 0.007200 18
241 1.0107279000 1092.074200 0.007200 18
242 1.0109711700 1092.074200 0.007200 18
243 1.0112144400 1092.074200 0.007200 18
244 1.0114577100 1092.074200 0.007200 18
245 1.0117009800 1092.074200 0.007200 18
246 1.0119442500 1092.074200 0.007200 18
247 1.0121875200 1092.074200 0.007200 18
248 1.0124307900 1092.074200 0.007200 18
249 1.0126740600 1092.074200 0.007200 18
250 1.0129173300 1092.074200 0.007200 18
251 1.0131606000 1092.074200 0.007200 18
252 1.0134038700 1092.074200 0.007200 18
253 1.0136471400 1092.074200 0.007200 18
254 1.0138904100 1092.074200 0.007200 18
255 1.0141336800 1092.074200 0.007200 18
256 1.0143769500 1092.074200 0.007200 18
257 1.0146202200 1092.074200 0.007200 18
258 1.0148634900 1092.074200 0.007200 18
259 1.0151067600 1092.074200 0.007200 18
260 1.0153500300 1092.074200 0.007200 18
261 1.0155933000 1092.074200 0.007200 18
262 1.0158365700 1092.074200 0.007200 18
263 1.0160798400 1092.074200 0.007200 18
264 1.0163231100 1092.074200 0.007200 18
265 1.0165663800 1092.074200 0.007200 18
266 1.0168096500 1092.074200 0.007200 18
267 1.0170529200 1092.074200 0.007200 18
268 1.0172961900 1092.074200 0.007200 18
269 1.0175394600 1092.074200 0.007200 18
270 1.0177827300 1092.074200 0.007200 18
271 1.0180260000 1092.074200 0.007200 18
272 1.0182692700 1092.074200 0.007200 18
273 1.0185125400 1092.074200 0.007200 18
274 1.0187558100 1092.074200 0.007200 18
275 1.0189990800 1092.074200 0.007200 18
276 1.0192423500 1092.074200 0.007200 18
277 1.0194856200 1092.074200 0.007200 18
278 1.0197288900 1092.074200 0.007200 18
279 1.0199721600 1092.074200 0.007200 18
280 1.0202154300 1092.074200 0.007200 18
281 1.0204587000 1092.074200 0.007200 18
282 1.0207019700 1092.074200 0.007200 18
283 1.0209452400 1092.074200 0.007200 18
284 1.0211885100 1092.074200 0.007200 18
285 1.0214317800 1092.074200 0.007200 18
286 1.0216750500 1092.074200 0.007200 18
287 1.0219183200 1092.074200 0.007200 18
288 1.0221615900 1092.074200 0.007200 18
289 1.0224048600 1092.074200 0.007200 18
290 1.0226481300 1092.074200 0.007200 18
291 1.0228914000 1092.074200 0.007200 18
292 1.0231346700 1092.074200 0.007200 18
293 1.0233779400 1092.074200 0.007200 18
294 1.0236212100 1092.074200 0.007200 18
295 1.0238644800 1092.074200 0.007200 18
296 1.0241077500 1092.074200 0.007200 18
297 1.0243510200 1092.074200 0.007200 18
298 1.0245942900 1092.074200 0.007200 18
299 1.0248375600 1092.074200 0.007200 18
300 1.0250808300 1092.074200 0.007200 18
301 1.0253241000 1092.074200 0.007200 18
302 1.0255673700 1092.074200 0.007200 18
303 1.0258106400 1092.074200 0.007200 18
304 1.0260539100 1092.074200 0.007200 18
305 1.0262971800 1092.074200 0.007200 18
306 1.0265404500 1092.074200 0.007200 18
307 1.0267837200 1092.074200 0.007200 18
308 1.0270269900 1092.074200 0.007200 18
309 1.0272702600 1092.074200 0.007200 18
310 1.0275135300 1092.074200 0.007200 18
311 1.0277568000 1092.074200 0.007200 18
312 1.0280000700 1092.074200 0.007200 18
313 1.0282433400 1092.074200 0.007200 18
314 1.0284866100 1092.074200 0.007200 18
315 1.0287298800 1092.074200 0.007200 18
316 1.0289731500 1092.074200 0.007200 18
317 1.0292164200 1092.074200 0.007200 18
318 1.0294596900 1092.074200 0.007200 18
319 1.0297029600 1092.074200 0.007200 18
320 1.0299462300 1092.074200 0.007200 18
321 1.0301895000 1092.074200 0.007200 18
322 1.0304327700 1092.074200 0.007200 18
323 1.0306760400 1092.074200 0.007200 18
324 1.0309193100 1092.074200 0.007200 18
325 1.0311625800 1092.074200 0.007200 18
326 1.0314058500 1092.074200 0.007200 18
327 1.0316491200 1092.074200 0.007200 18
328 1.0318923900 1092.074200 0.007200 18
329 1.0321356600 1092.074200 0.007200 18
330 1.0323789300 1092.074200 0.007200 18
331 1.0326222000 1092.074200 0.007200 18
332 1.0328654700 1092.074200 0.007200 18
333 1.0331087400 1092.074200 0.007200 18
334 1.0333520100 1092.074200 0.007200 18
335 1.0335952800 1092.074200 0.007200 18
336 1.0338385500 1092.074200 0.007200 18
337 1.0340818200 1092.074200 0.007200 18
338 1.0343250900 1092.074200 0.007200 18
339 1.0345683600 1092.074200 0.007200 18
340 1.0348116300 1092.074200 0.007200 18
341 1.0350549000 1092.074200 0.007200 18
342 1.0352981700 1092.074200 0.007200 18
343 1.0355414400 1092.074200 0.007200 18
344 1.0357847100 1092.074200 0.007200 18
345 1.0360279800 1092.074200 0.007200 18
346 1.0362712500 1092.074200 0.007200 18
347 1.0365145200 1092.074200 0.007200 18
348 1.0367577900 1092.074200 0.007200 18
349 1.0370010600 1092.074200 0.007200 18
350 1.0372443300 1092.074200 0.007200 18
351 1.0374876000 1092.074200 0.007200 18
352 1.0377308700 1092.074200 0.007200 18
353 1.0379741400 1092.074200 0.007200 18
354 1.0382174100 1092.074200 0.007200 18
355 1.0384606800 1092.074200 0.007200 18
356 1.0387039500 1092.074200 0.007200 18
357 1.0389472200 1092.074200 0.007200 18
358 1.0391904900 1092.074200 0.007200 18
359 1.0394337600 1092.074200 0.007200 18
360 1.0396770300 1092.074200 0.007200 18
361 1.0399203000 1092.074200 0.007200 18
362 1.0401635700 1092.074200 0.007200 18
363 1.0404068400 1092.074200 0.007200 18
364 1.0406501100 1092.074200 0.007200 18
365 1.0408933800 1092.074200 0.007200 18
366 1.0411366500 1092.074200 0.007200 18
367 1.0413799200 1092.074200 0.007200 18
368 1.0416231900 1092.074200 0.007200 18
369 1.0418664600 1092.074200 0.007200 18
370 1.0421097300 1092.074200 0.007200 18
371 1.0423530000 1092.074200 0.007200 18
372 1.0425962700 1092.074200 0.007200 18
373 1.0428395400 1092.074200 0.007200 18
374 1.0430828100 1092.074200 0.007200 18
375 1.0433260800 1092.074200 0.007200 18
376 1.0435693500 1092.074200 0.007200 18
377 1.0438126200 1092.074200 0.007200 18
378 1.0440558900 1092.074200 0.007200 18
379 1.0442991600 1092.074200 0.007200 18
380 1.0445424300 1092.074200 0.007200 18
381 1.0447857000 1092.074200 0.007200 18
382 1.0450289700 1092.074200 0.007200 18
383 1.0452722400 1092.074200 0.007200 18
384 1.0455155100 1092.074200 0.007200 18
385 1.0457587800 1092.074200 0.007200 18
386 1.0460020500 1092.074200 0.007200 18
387 1.0462453200 1092.074200 0.007200 18
388 1.0464885900 1092.074200 0.007200 18
389 1.0467318600 1092.074200 0.007200 18
390 1.0469751300 1092.074200 0.007200 18
391 1.0472184000 1092.074200 0.007200 18
392 1.0474616700 1092.074200 0.007200 18
393 1.0477049400 1092.074200 0.007200 18
394 1.0479482100 1092.074200 0.007200 18
395 1.0481914800 1092.074200 0.007200 18
396 1.0484347500 1092.074200 0.007200 18
397 1.0486780200 1092.074200 0.007200 18
398 1.0489212900 1092.074200 0.007200 18
399 1.0491645600 1092.074200 0.007200 18
400 1.0494078300 1092.074200 0.007200 18
401 1.0496511000 1092.074200 0.007200 18
402 1.0498943700 1092.074200 0.007200 18
403 1.0501376400 1092.074200 0.007200 18
404 1.0503809100 1092.074200 0.007200 18
405 1.0506241800 1092.074200 0.007200 18
406 1.0508674500 1092.074200 0.007200 18
407 1.0511107200 1092.074200 0.007200 18
408 1.0513539900 1092.074200 0.007200 18
409 1.0515972600 1092.074200 0.007200 18
410 1.0518405300 1092.074200 0.007200 18
411 1.0520838000 1092.074200 0.007200 18
412 1.0523270700 1092.074200 0.007200 18
413 1.0525703400 1092.074200 0.007200 18
414 1.0528136100 1092.074200 0.007200 18
415 1.0530568800 1092.074200 0.007200 18
416 1.0533001500 1092.074200 0.007200 18
417 1.0535434200 1092.074200 0.007200 18
418 1.0537866900 1092.074200 0.007200 18
419 1.0540299600 1092.074200 0.007200 18
420 1.0542732300 1092.074200 0.007200 18
421 1.0545165000 1092.074200 0.007200 18
422 1.0547597700 1092.074200 0.007200 18
423 1.0550030400 1092.074200 0.007200 18
424 1.0552463100 1092.074200 0.007200 18
425 1.0554895800 1092.074200 0.007200 18
426 1.0557328500 1092.074200 0.007200 18
427 1.0559761200 1092.074200 0.007200 18
428 1.0562193900 1092.074200 0.007200 18
429 1.0564626600 1092.074200 0.007200 18
430 1.0567059300 1092.074200 0.007200 18
431 1.0569492000 1092.074200 0.007200 18
432 1.0571924700 1092.074200 0.007200 18
433 1.0574357400 1092.074200 0.007200 18
434 1.0576790100 1092.074200 0.007200 18
435 1.0579222800 1092.074200 0.007200 18
436 1.0581655500 1092.074200 0.007200 18
437 1.0584088200 1092.074200 0.007200 18
438 1.0586520900 1092.074200 0.007200 18
439 1.0588953600 1092.074200 0.007200 18
440 1.0591386300 1092.074200 0.007200 18
441 1.0593819000 1092.074200 0.007200 18
442 1.0596251700 1092.074200 0.007200 18
443 1.0598684400 1092.074200 0.007200 18
444 1.0601117100 1092.074200 0.007200 18
445 1.0603549800 1092.074200 0.007200 18
446 1.0605982500 1092.074200 0.007200 18
447 1.0608415200 1092.074200 0.007200 18
448 1.0610847900 1092.074200 0.007200 18
449 1.0613280600 1092.074200 0.007200 18
450 1.0615713300 1092.074200 0.007200 18
451 1.0618146000 1092.074200 0.007200 18
452 1.0620578700 1092.074200 0.007200 18
453 1.0623011400 1092.074200 0.007200 18
454 1.0625444100 1092.074200 0.007200 18
455 1.0627876800 1092.074200 0.007200 18
456 1.0630309500 1092.074200 0.007200 18
457 1.0632742200 1092.074200 0.007200 18
458 1.0635174900 1092.074200 0.007200 18
459 1.0637607600 1092.074200 0.007200 18
460 1.0640040300 1092.074200 0.007200 18
461 1.0642473000 1092.074200 0.007200 18
462 1.0644905700 1092.074200 0.007200 18
463 1.0647338400 1092.074200 0.007200 18
464 1.0649771100 1092.074200 0.007200 18
465 1.0652203800 1092.074200 0.007200 18
466 1.0654636500 1092.074200 0.007200 18
467 1.0657069200 1092.074200 0.007200 18
468 1.0659501900 1092.074200 0.007200 18
469 1.0661934600 1092.074200 0.007200 18
470 1.0664367300 1092.074200 0.007200 18
471 1.0666800000 1092.074200 0.007200 18
472 1.0669232700 1092.074200 0.007200 18
473 1.0671665400 1092.074200 0.007200 18
474 1.0674098100 1092.074200 0.007200 18
475 1.0676530800 1092.074200 0.007200 18
476 1.0678963500 1092.074200 0.007200 18
477 1.0681396200 1092.074200 0.007200 18
478 1.0683828900 1092.074200 0.007200 18
479 1.0686261600 1092.074200 0.007200 18
480 1.0688694300 1092.074200 0.007200 18
481 1.0691127000 1092.074200 0.007200 18
482 1.0693559700 1092.074200 0.007200 18
483 1.0695992400 1092.074200 0.007200 18
484 1.0698425100 1092.074200 0.007200 18
485 1.0700857800 1092.074200 0.007200 18
486 1.0703290500 1092.074200 0.007200 18
487 1.0705723200 1092.074200 0.007200 18
488 1.0708155900 1092.074200 0.007200 18
489 1.0710588600 1092.074200 0.007200 18
490 1.0713021300 1092.074200 0.007200 18
491 1.0715454000 1092.074200 0.007200 18
492 1.0717886700 1092.074200 0.007200 18
493 1.0720319400 1092.074200 0.007200 18
494 1.0722752100 1092.074200 0.007200 18
495 1.0725184800 1092.074200 0.007200 18
496 1.0727617500 1092.074200 0.007200 18
497 1.0730050200 1092.074200 0.007200 18
498 1.0732482900 1092.074200 0.007200 18
499 1.0734915600 1092.074200 0.007200 18
500 1.0737348300 1092.074200 0.007200 18
501 1.0739781000 1092.074200 0.007200 18
502 1.0742213700 1092.074200 0.007200 18
503 1.0744646400 1092.074200 0.007200 18
504 1.0747079100 1092.074200 0.007200 18
505 1.0749511800 1092.074200 0.007200 18
506 1.0751944500 1092.074200 0.007200 18
507 1.0754377200 1092.074200 0.007200 18
508 1.0756809900 1092.074200 0.007200 18
509 1.0759242600 1092.074200 0.007200 18
510 1.0761675300 1092.074200 0.007200 18
511 1.0764108000 1092.074200 0.007200 18
512 1.0766540700 1092.074200 0.007200 18
513 1.0768973400 1092.074200 0.007200 18
514 1.0771406100 1092.074200 0.007200 18
515 1.0773838800 1092.074200 0.007200 18
516 1.0776271500 1092.074200 0.007200 18
517 1.0778704200 1092.074200 0.007200 18
518 1.0781136900 1092.074200 0.007200 18
519 1.0783569600 1092.074200 0.007200 18
520 1.0786002300 1092.074200 0.007200 18
521 1.0788435000 1092.074200 0.007200 18
522 1.0790867700 1092.074200 0.007200 18
523 1.0793300400 1092.074200 0.007200 18
524 1.0795733100 1092.074200 0.007200 18
525 1.0798165800 1092.074200 0.007200 18
526 1.0800598500 1092.074200 0.007200 18
527 1.0803031200 1092.074200 0.007200 18
528 1.0805463900 1092.074200 0.007200 18
529 1.0807896600 1092.074200 0.007200 18
530 1.0810329300 1092.074200 0.007200 18
531 1.0812762000 1092.074200 0.007200 18
532 1.0815194700 1092.074200 0.007200 18
533 1.0817627400 1092.074200 0.007200 18
534 1.0820060100 1092.074200 0.007200 18
535 1.0822492800 1092.074200 0.007200 18
536 1.0824925500 1092.074200 0.007200 18
537 1.0827358200 1092.074200 0.007200 18
538 1.0829790900 1092.074200 0.007200 18
539 1.0832223600 1092.074200 0.007200 18
540 1.0834656300 1092.074200 0.007200 18
541 1.0837089000 1092.074200 0.007200 18
542 1.0839521700 1092.074200 0.007200 18
543 1.0841954400 1092.074200 0.007200 18
544 1.0844387100 1092.074200 0.007200 18
545 1.0846819800 1092.074200 0.007200 18
546 1.0849252500 1092.074200 0.007200 18
547 1.0851685200 1092.074200 0.007200 18
548 1.0854117900 1092.074200 0.007200 18
549 1.0856550600 1092.074200 0.007200 18
550 1.0858983300 1092.074200 0.007200 18
551 1.0861416000 1092.074200 0.007200 18
552 1.0863848700 1092.074200 0.007200 18
553 1.0866281400 1092.074200 0.007200 18
554 1.0868714100 1092.074200 0.007200 18
555 1.0871146800 1092.074200 0.007200 18
556 1.0873579500 1092.074200 0.007200 18
557 1.0876012200 1092.074200 0.007200 18
558 1.0878444900 1092.074200 0.007200 18
559 1.0880877600 1092.074200 0.007200 18
560 1.0883310300 1092.074200 0.007200 18
561 1.0885743000 1092.074200 0.007200 18
562 1.0888175700 1092.074200 0.007200 18
563 1.0890608400 1092.074200 0.007200 18
564 1.0893041100 1092.074200 0.007200 18
565 1.0895473800 1092.074200 0.007200 18
566 1.0897906500 1092.074200 0.007200 18
567 1.0900339200 1092.074200 0.007200 18
568 1.0902771900 1092.074200 0.007200 18
569 1.0905204600 1092.074200 0.007200 18
570 1.0907637300 1092.074200 0.007200 18
571 1.0910070000 1092.074200 0.007200 18
572 1.0912502700 1092.074200 0.007200 18
573 1.0914935400 1092.074200 0.007200 18
574 1.0917368100 1092.074200 0.007200 18
575 1.0919800800 1092.074200 0.007200 18
576 1.0922233500 1092.074200 0.007200 18
577 1.0924666200 1092.074200 0.007200 18
578 1.0927098900 1092.074200 0.007200 18
579 1.0929531600 1092.074200 0.007200 18
580 1.0931964300 1092.074200 0.007200 18
581 1.0934397000 1092.074200 0.007200 18
582 1.0936829700 1092.074200 0.007200 18
583 1.0939262400 1092.074200 0.007200 18
584 1.0941695100 1092.074200 0.007200 18
585 1.0944127800 1092.074200 0.007200 18
586 1.0946560500 1092.074200 0.007200 18
587 1.0948993200 1092.074200 0.007200 18
588 1.0951425900 1092.074200 0.007200 18
589 1.0953858600 1092.074200 0.007200 18
590 1.0956291300 1092.074200 0.007200 18
591 1.0958724000 1092.074200 0.007200 18
592 1.0961156700 1092.074200 0.007200 18
593 1.0963589400 1092.074200 0.007200 18
594 1.0966022100 1092.074200 0.007200 18
595 1.0968454800 1092.074200 0.007200 18
596 1.0970887500 1092.074200 0.007200 18
597 1.0973320200 1092.074200 0.007200 18
598 1.0975752900 1092.074200 0.007200 18
599 1.0978185600 1092.074200 0.007200 18
600 1.0980618300 1092.074200 0.007200 18
601 1.0983051000 1092.074200 0.007200 18
602 1.0985483700 1092.074200 0.007200 18
603 1.0987916400 1092.074200 0.007200 18
604 1.0990349100 1092.074200 0.007200 18
605 1.0992781800 1092.074200 0.007200 18
606 1.0995214500 1092.074200 0.007200 18
607 1.0997647200 1092.074200 0.007200 18
608 1.1000079900 1092.074200 0.007200 18
609 1.1002512600 1092.074200 0.007200 18
610 1.1004945300 1092.074200 0.007200 18
611 1.1007378000 1092.074200 0.007200 18
612 1.1009810700 1092.074200 0.007200 18
613 1.1012243400 1092.074200 0.007200 18
614 1.1014676100 1092.074200 0.007200 18
615 1.1017108800 1092.074200 0.007200 18
616 1.1019541500 1092.074200 0.007200 18
617 1.1021974200 1092.074200 0.007200 18
618 1.1024406900 1092.074200 0.007200 18
619 1.1026839600 1092.074200 0.007200 18
620 1.1029272300 1092.074200 0.007200 18
621 1.1031705000 1092.074200 0.007200 18
622 1.1034137700 1092.074200 0.007200 18
623 1.1036570400 1092.074200 0.007200 18
624 1.1039003100 1092.074200 0.007200 18
625 1.1041435800 1092.074200 0.007200 18
626 1.1043868500 1092.074200 0.007200 18
627 1.1046301200 1092.074200 0.007200 18
628 1.1048733900 1092.074200 0.007200 18
629 1.1051166600 1092.074200 0.007200 18
630 1.1053599300 1092.074200 0.007200 18
631 1.1056032000 1092.074200 0.007200 18
632 1.1058464700 1092.074200 0.007200 18
633 1.1060897400 1092.074200 0.007200 18
634 1.1063330100 1092.074200 0.007200 18
635 1.1065762800 1092.074200 0.007200 18
636 1.1068195500 1092.074200 0.007200 18
637 1.1070628200 1092.074200 0.007200 18
638 1.1073060900 1092.074200 0.007200 18
639 1.1075493600 1092.074200 0.007200 18
640 1.1077926300 1092.074200 0.007200 18
641 1.1080359000 1092.074200 0.007200 18
642 1.1082791700 1092.074200 0.007200 18
643 1.1085224400 1092.074200 0.007200 18
644 1.1087657100 1092.074200 0.007200 18
645 1.1090089800 1092.074200 0.007200 18
646 1.1092522500 1092.074200 0.007200 18
647 1.1094955200 1092.074200 0.007200 18
648 1.1097387900 1092.074200 0.007200 18
649 1.1099820600 1092.074200 0.007200 18
650 1.1102253300 1092.074200 0.007200 18
651 1.1104686000 1092.074200 0.007200 18
652 1.1107118700 1092.074200 0.007200 18
653 1.1109551400 1092.074200 0.007200 18
654 1.1111984100 1092.074200 0.007200 18
655 1.1114416800 1092.074200 0.007200 18
656 1.1116849500 1092.074200 0.007200 18
657 1.1119282200 1092.074200 0.007200 18
658 1.1121714900 1092.074200 0.007200 18
659 1.1124147600 1092.074200 0.007200 18
660 1.1126580300 1092.074200 0.007200 18
661 1.1129013000 1092.074200 0.007200 18
662 1.1131445700 1092.074200 0.007200 18
663 1.1133878400 1092.074200 0.007200 18
664 1.1136311100 1092.074200 0.007200 18
665 1.1138743800 1092.074200 0.007200 18
666 1.1141176500 1092.074200 0.007200 18
667 1.1143609200 1092.074200 0.007200 18
668 1.1146041900 1092.074200 0.007200 18
669 1.1148474600 1092.074200 0.007200 18
670 1.1150907300 1092.074200 0.007200 18
671 1.1153340000 1092.074200 0.007200 18
672 1.1155772700 1092.074200 0.007200 18
673 1.1158205400 1092.074200 0.007200 18
674 1.1160638100 1092.074200 0.007200 18
675 1.1163070800 1092.074200 0.007200 18
676 1.1165503500 1092.074200 0.007200 18
677 1.1167936200 1092.074200 0.007200 18
678 1.1170368900 1092.074200 0.007200 18
679 1.1172801600 1092.074200 0.007200 18
680 1.1175234300 1092.074200 0.007200 18
681 1.1177667000 1092.074200 0.007200 18
682 1.1180099700 1092.074200 0.007200 18
683 1.1182532400 1092.074200 0.007200 18
684 1.1184965100 1092.074200 0.007200 18
685 1.1187397800 1092.074200 0.007200 18
686 1.1189830500 1092.074200 0.007200 18
687 1.1192263200 1092.074200 0.007200 18
688 1.1194695900 1092.074200 0.007200 18
689 1.1197128600 1092.074200 0.007200 18
690 1.1199561300 1092.074200 0.007200 18
691 1.1201994000 1092.074200 0.007200 18
692 1.1204426700 1092.074200 0.007200 18
693 1.1206859400 1092.074200 0.007200 18
694 1.1209292100 1092.074200 0.007200 18
695 1.1211724800 1092.074200 0.007200 18
696 1.1214157500 1092.074200 0.007200 18
697 1.1216590200 1092.074200 0.007200 18
698 1.1219022900 1092.074200 0.007200 18
699 1.1221455600 1092.074200 0.007200 18
700 1.1223888300 1092.074200 0.007200 18
701 1.1226321000 1092.074200 0.007200 18
702 1.1228753700 1092.074200 0.007200 18
703 1.1231186400 1092.074200 0.007200 18
704 1.1233619100 1092.074200 0.007200 18
705 1.1236051800 1092.074200 0.007200 18
706 1.1238484500 1092.074200 0.007200 18
707 1.1240917200 1092.074200 0.007200 18
708 1.1243349900 1092.074200 0.007200 18
709 1.1245782600 1092.074200 0.007200 18
710 1.1248215300 1092.074200 0.007200 18
711 1.1250648000 1092.074200 0.007200 18
712 1.1253080700 1092.074200 0.007200 18
713 1.1255513400 1092.074200 0.007200 18
714 1.1257946100 1092.074200 0.007200 18
715 1.1260378800 1092.074200 0.007200 18
716 1.1262811500 1092.074200 0.007200 18
717 1.1265244200 1092.074200 0.007200 18
718 1.1267676900 1092.074200 0.007200 18
719 1.1270109600 1092.074200 0.007200 18
720 1.1272542300 1092.074200 0.007200 18
721 1.1274975000 1092.074200 0.007200 18
722 1.1277407700 1092.074200 0.007200 18
723 1.1279840400 1092.074200 0.007200 18
724 1.1282273100 1092.074200 0.007200 18
725 1.1284705800 1092.074200 0.007200 18
726 1.1287138500 1092.074200 0.007200 18
727 1.1289571200 1092.074200 0.007200 18
728 1.1292003900 1092.074200 0.007200 18
729 1.1294436600 1092.074200 0.007200 18
730 1.1296869300 1092.074200 0.007200 18
731 1.1299302000 1092.074200 0.007200 18
732 1.1301734700 1092.074200 0.007200 18
733 1.1304167400 1092.074200 0.007200 18
734 1.1306600100 1092.074200 0.007200 18
735 1.1309032800 1092.074200 0.007200 18
736 1.1311465500 1092.074200 0.007200 18
737 1.1313898200 1092.074200 0.007200 18
738 1.1316330900 1092.074200 0.007200 18
739 1.1318763600 1092.074200 0.007200 18
740 1.1321196300 1092.074200 0.007200 18
741 1.1323629000 1092.074200 0.007200 18
742 1.1326061700 1092.074200 0.007200 18
743 1.1328494400 1092.074200 0.007200 18
744 1.1330927100 1092.074200 0.007200 18
745 1.1333359800 1092.074200 0.007200 18
746 1.1335792500 1092.074200 0.007200 18
747 1.1338225200 1092.074200 0.007200 18
748 1.1340657900 1092.074200 0.007200 18
749 1.1343090600 1092.074200 0.007200 18
750 1.1345523300 1092.074200 0.007200 18
751 1.1347956000 1092.074200 0.007200 18
752 1.1350388700 1092.074200 0.007200 18
753 1.1352821400 1092.074200 0.007200 18
754 1.1355254100 1092.074200 0.007200 18
755 1.1357686800 1092.074200 0.007200 18
756 1.1360119500 1092.074200 0.007200 18
757 1.1362552200 1092.074200 0.007200 18
758 1.1364984900 1092.074200 0.007200 18
759 1.1367417600 1092.074200 0.007200 18
760 1.1369850300 1092.074200 0.007200 18
761 1.1372283000 1092.074200 0.007200 18
762 1.1374715700 1092.074200 0.007200 18
763 1.1377148400 1092.074200 0.007200 18
764 1.1379581100 1092.074200 0.007200 18
765 1.1382013800 1092.074200 0.007200 18
766 1.1384446500 1092.074200 0.007200 18
767 1.1386879200 1092.074200 0.007200 18
768 1.1389311900 1092.074200 0.007200 18
769 1.1391744600 1092.074200 0.007200 18
770 1.1394177300 1092.074200 0.007200 18
771 1.1396610000 1092.074200 0.007200 18
772 1.1399042700 1092.074200 0.007200 18
773 1.1401475400 1092.074200 0.007200 18
774 1.1403908100 1092.074200 0.007200 18
775 1.1406340800 1092.074200 0.007200 18
776 1.1408773500 1092.074200 0.007200 18
777 1.1411206200 1092.074200 0.007200 18
778 1.1413638900 1092.074200 0.007200 18
779 1.1416071600 1092.074200 0.007200 18
780 1.1418504300 1092.074200 0.007200 18
781 1.1420937000 1092.074200 0.007200 18
782 1.1423369700 1092.074200 0.007200 18
783 1.1425802400 1092.074200 0.007200 18
784 1.1428235100 1092.074200 0.007200 18
785 1.1430667800 1092.074200 0.007200 18
786 1.1433100500 1092.074200 0.007200 18
787 1.1435533200 1092.074200 0.007200 18
788 1.1437965900 1092.074200 0.007200 18
789 1.1440398600 1092.074200 0.007200 18
790 1.1442831300 1092.074200 0.007200 18
791 1.1445264000 1092.074200 0.007200 18
792 1.1447696700 1092.074200 0.007200 18
793 1.1450129400 1092.074200 0.007200 18
794 1.1452562100 1092.074200 0.007200 18
795 1.1454994800 1092.074200 0.007200 18
796 1.1457427500 1092.074200 0.007200 18
797 1.1459860200 1092.074200 0.007200 18
798 1.1462292900 1092.074200 0.007200 18
799 1.1464725600 1092.074200 0.007200 18
800 1.1467158300 1092.074200 0.007200 18
801 1.1469591000 1092.074200 0.007200 18
802 1.1472023700 1092.074200 0.007200 18
803 1.1474456400 1092.074200 0.007200 18
804 1.1476889100 1092.074200 0.007200 18
805 1.1479321800 1092.074200 0.007200 18
806 1.1481754500 1092.074200 0.007200 18
807 1.1484187200 1092.074200 0.007200 18
808 1.1486619900 1092.074200 0.007200 18
809 1.1489052600 1092.074200 0.007200 18
810 1.1491485300 1092.074200 0.007200 18
811 1.1493918000 1092.074200 0.007200 18
812 1.1496350700 1092.074200 0.007200 18
813 1.1498783400 1092.074200 0.007200 18
814 1.1501216100 1092.074200 0.007200 18
815 1.1503648800 1092.074200 0.007200 18
816 1.1506081500 1092.074200 0.007200 18
817 1.1508514200 1092.074200 0.007200 18
818 1.1510946900 1092.074200 0.007200 18
819 1.1513379600 1092.074200 0.007200 18
820 1.1515812300 1092.074200 0.007200 18
821 1.1518245000 1092.074200 0.007200 18
822 1.1520677700 1092.074200 0.007200 18
823 1.1523110400 1092.074200 0.007200 18
824 1.1525543100 1092.074200 0.007200 18
825 1.1527975800 1092.074200 0.007200 18
826 1.1530408500 1092.074200 0.007200 18
827 1.1532841200 1092.074200 0.007200 18
828 1.1535273900 1092.074200 0.007200 18
829 1.1537706600 1092.074200 0.007200 18
830 1.1540139300 1092.074200 0.007200 18
831 1.1542572000 1092.074200 0.007200 18
832 1.1545004700 1092.074200 0.007200 18
833 1.1547437400 1092.074200 0.007200 18
834 1.1549870100 1092.074200 0.007200 18
835 1.1552302800 1092.074200 0.007200 18
836 1.1554735500 1092.074200 0.007200 18
837 1.1557168200 1092.074200 0.007200 18
838 1.1559600900 1092.074200 0.007200 18
839 1.1562033600 1092.074200 0.007200 18
840 1.1564466300 1092.074200 0.007200 18
841 1.1566899000 1092.074200 0.007200 18
842 1.1569331700 1092.074200 0.007200 18
843 1.1571764400 1092.074200 0.007200 18
844 1.1574197100 1092.074200 0.007200 18
845 1.1576629800 1092.074200 0.007200 18
846 1.1579062500 1092.074200 0.007200 18
847 1.1581495200 1092.074200 0.007200 18
848 1.1583927900 1092.074200 0.007200 18
849 1.1586360600 1092.074200 0.007200 18
850 1.1588793300 1092.074200 0.007200 18
851 1.1591226000 1092.074200 0.007200 18
852 1.1593658700 1092.074200 0.007200 18
853 1.1596091400 1092.074200 0.007200 18
854 1.1598524100 1092.074200 0.007200 18
855 1.1600956800 1092.074200 0.007200 18
856 1.1603389500 1092.074200 0.007200 18
857 1.1605822200 1092.074200 0.007200 18
858 1.1608254900 1092.074200 0.007200 18
859 1.1610687600 1092.074200 0.007200 18
860 1.1613120300 1092.074200 0.007200 18
861 1.1615553000 1092.074200 0.007200 18
862 1.1617985700 1092.074200 0.007200 18
863 1.1620418400 1092.074200 0.007200 18
864 1.1622851100 1092.074200 0.007200 18
865 1.1625283800 1092.074200 0.007200 18
866 1.1627716500 1092.074200 0.007200 18
867 1.1630149200 1092.074200 0.007200 18
868 1.1632581900 1092.074200 0.007200 18
869 1.1635014600 1092.074200 0.007200 18
870 1.1637447300 1092.074200 0.007200 18
871 1.1639880000 1092.074200 0.007200 18
872 1.1642312700 1092.074200 0.007200 18
873 1.1644745400 1092.074200 0.007200 18
874 1.1647178100 1092.074200 0.007200 18
875 1.1649610800 1092.074200 0.007200 18
876 1.1652043500 1092.074200 0.007200 18
877 1.1654476200 1092.074200 0.007200 18
878 1.1656908900 1092.074200 0.007200 18
879 1.1659341600 1092.074200 0.007200 18
880 1.1661774300 1092.074200 0.007200 18
881 1.1664207000 1092.074200 0.007200 18
882 1.1666639700 1092.074200 0.007200 18
883 1.1669072400 1092.074200 0.007200 18
884 1.1671505100 1092.074200 0.007200 18
885 1.1673937800 1092.074200 0.007200 18
886 1.1676370500 1092.074200 0.007200 18
887 1.1678803200 1092.074200 0.007200 18
888 1.1681235900 1092.074200 0.007200 18
889 1.1683668600 1092.074200 0.007200 18
890 1.1686101300 1092.074200 0.007200 18
891 1.1688534000 1092.074200 0.007200 18
892 1.1690966700 1092.074200 0.007200 18
893 1.1693399400 1092.074200 0.007200 18
894 1.1695832100 1092.074200 0.007200 18
895 1.1698264800 1092.074200 0.007200 18
896 1.1700697500 1092.074200 0.007200 18
897 1.1703130200 1092.074200 0.007200 18
898 1.1705562900 1092.074200 0.007200 18
899 1.1707995600 1092.074200 0.007200 18
900 1.1710428300 1092.074200 0.007200 18
901 1.1712861000 1092.074200 0.007200 18
902 1.1715293700 1092.074200 0.007200 18
903 1.1717726400 1092.074200 0.007200 18
904 1.1720159100 1092.074200 0.007200 18
905 1.1722591800 1092.074200 0.007200 18
906 1.1725024500 1092.074200 0.007200 18
907 1.1727457200 1092.074200 0.007200 18
908 1.1729889900 1092.074200 0.007200 18
909 1.1732322600 1092.074200 0.007200 18
910 1.1734755300 1092.074200 0.007200 18
911 1.1737188000 1092.074200 0.007200 18
912 1.1739620700 1092.074200 0.007200 18
913 1.1742053400 1092.074200 0.007200 18
914 1.1744486100 1092.074200 0.007200 18
915 1.1746918800 1092.074200 0.007200 18
916 1.1749351500 1092.074200 0.007200 18
917 1.1751784200 1092.074200 0.007200 18
918 1.1754216900 1092.074200 0.007200 18
919 1.1756649600 1092.074200 0.007200 18
920 1.1759082300 1092.074200 0.007200 18
921 1.1761515000 1092.074200 0.007200 18
922 1.1763947700 1092.074200 0.007200 18
923 1.1766380400 1092.074200 0.007200 18
924 1.1768813100 1092.074200 0.007200 18
925 1.1771245800 1092.074200 0.007200 18
926 1.1773678500 1092.074200 0.007200 18
927 1.1776111200 1092.074200 0.007200 18
928 1.1778543900 1092.074200 0.007200 18
929 1.1780976600 1092.074200 0.007200 18
930 1.1783409300 1092.074200 0.007200 18
931 1.1785842000 1092.074200 0.007200 18
932 1.1788274700 1092.074200 0.007200 18
933 1.1790707400 1092.074200 0.007200 18
934 1.1793140100 1092.074200 0.007200 18
935 1.1795572800 1092.074200 0.007200 18
936 1.1798005500 1092.074200 0.007200 18
937 1.1800438200 1092.074200 0.007200 18
938 1.1802870900 1092.074200 0.007200 18
939 1.1805303600 1092.074200 0.007200 18
940 1.1807736300 1092.074200 0.007200 18
941 1.1810169000 1092.074200 0.007200 18
942 1.1812601700 1092.074200 0.007200 18
943 1.1815034400 1092.074200 0.007200 18
944 1.1817467100 1092.074200 0.007200 18
945 1.1819899800 1092.074200 0.007200 18
946 1.1822332500 1092.074200 0.007200 18
947 1.1824765200 1092.074200 0.007200 18
948 1.1827197900 1092.074200 0.007200 18
949 1.1829630600 1092.074200 0.007200 18
950 1.1832063300 1092.074200 0.007200 18
951 1.1834496000 1092.074200 0.007200 18
952 1.1836928700 1092.074200 0.007200 18
953 1.1839361400 1092.074200 0.007200 18
954 1.1841794100 1092.074200 0.007200 18
955 1.1844226800 1092.074200 0.007200 18
956 1.1846659500 1092.074200 0.007200 18
957 1.1849092200 1092.074200 0.007200 18
958 1.1851524900 1092.074200 0.007200 18
959 1.1853957600 1092.074200 0.007200 18
960 1.1856390300 1092.074200 0.007200 18
961 1.1858823000 1092.074200 0.007200 18
962 1.1861255700 1092.074200 0.007200 18
963 1.1863688400 1092.074200 0.007200 18
964 1.1866121100 1092.074200 0.007200 18
965 1.1868553800 1092.074200 0.007200 18
966 1.1870986500 1092.074200 0.007200 18
967 1.1873419200 1092.074200 0.007200 18
968 1.1875851900 1092.074200 0.007200 18
969 1.1878284600 1092.074200 0.007200 18
970 1.1880717300 1092.074200 0.007200 18
971 1.1883150000 1092.074200 0.007200 18
972 1.1885582700 1092.074200 0.007200 18
973 1.1888015400 1092.074200 0.007200 18
974 1.1890448100 1092.074200 0.007200 18
975 1.1892880800 1092.074200 0.007200 18
976 1.1895313500 1092.074200 0.007200 18
977 1.1897746200 1092.074200 0.007200 18
978 1.1900178900 1092.074200 0.007200 18
979 1.1902611600 1092.074200 0.007200 18
980 1.1905044300 1092.074200 0.007200 18
981 1.1907477000 1092.074200 0.007200 18
982 1.1909909700 1092.074200 0.007200 18
983 1.1912342400 1092.074200 0.007200 18
984 1.1914775100 1092.074200 0.007200 18
985 1.1917207800 1092.074200 0.007200 18
986 1.1919640500 1092.074200 0.007200 18
987 1.1922073200 1092.074200 0.007200 18
988 1.1924505900 1092.074200 0.007200 18
989 1.1926938600 1092.074200 0.007200 18
990 1.1929371300 1092.074200 0.007200 18
991 1.1931804000 1092.074200 0.007200 18
992 1.1934236700 1092.074200 0.007200 18
993 1.1936669400 1092.074200 0.007200 18
994 1.1939102100 1092.074200 0.007200 18
995 1.1941534800 1092.074200 0.007200 18
996 1.1943967500 1092.074200 0.007200 18
997 1.1946400200 1092.074200 0.007200 18
998 1.1948832900 1092.074200 0.007200 18
999 1.1951265600 1092.074200 0.007200 18
1000 1.1953698300 1092.074200 0.007200 18
