timeout energy time overhead #transitions
0 0.2606929000 1082.580000 0.206000 83
1 0.2558997100 1082.580000 0.191000 77
2 0.2490044400 1082.580000 0.171000 69
3 0.2304870500 1082.580000 0.121000 49
4 0.2022921600 1082.580000 0.045000 18
5 0.2025397500 1082.580000 0.045000 18
6 0.2027873400 1082.580000 0.045000 18
7 0.2030349300 1082.580000 0.045000 18
8 0.2032825200 1082.580000 0.045000 18
9 0.2035301100 1082.580000 0.045000 18
10 0.2037777000 1082.580000 0.045000 18
11 0.2040252900 1082.580000 0.045000 18
12 0.2042728800 1082.580000 0.045000 18
13 0.2045204700 1082.580000 0.045000 18
14 0.2047680600 1082.580000 0.045000 18
15 0.2050156500 1082.580000 0.045000 18
16 0.2052632400 1082.580000 0.045000 18
17 0.2055108300 1082.580000 0.045000 18
18 0.2057584200 1082.580000 0.045000 18
19 0.2060060100 1082.580000 0.045000 18
20 0.2062536000 1082.580000 0.045000 18
21 0.2065011900 1082.580000 0.045000 18
22 0.2067487800 1082.580000 0.045000 18
23 0.2069963700 1082.580000 0.045000 18
24 0.2072439600 1082.580000 0.045000 18
25 0.2074915500 1082.580000 0.045000 18
26 0.2077391400 1082.580000 0.045000 18
27 0.2079867300 1082.580000 0.045000 18
28 0.2082343200 1082.580000 0.045000 18
29 0.2084819100 1082.580000 0.045000 18
30 0.2087295000 1082.580000 0.045000 18
31 0.2089770900 1082.580000 0.045000 18
32 0.2092246800 1082.580000 0.045000 18
33 0.2094722700 1082.580000 0.045000 18
34 0.2097198600 1082.580000 0.045000 18
35 0.2099674500 1082.580000 0.045000 18
36 0.2102150400 1082.580000 0.045000 18
37 0.2104626300 1082.580000 0.045000 18
38 0.2107102200 1082.580000 0.045000 18
39 0.2109578100 1082.580000 0.045000 18
40 0.2112054000 1082.580000 0.045000 18
41 0.2114529900 1082.580000 0.045000 18
42 0.2117005800 1082.580000 0.045000 18
43 0.2119481700 1082.580000 0.045000 18
44 0.2121957600 1082.580000 0.045000 18
45 0.2124433500 1082.580000 0.045000 18
46 0.2126909400 1082.580000 0.045000 18
47 0.2129385300 1082.580000 0.045000 18
48 0.2131861200 1082.580000 0.045000 18
49 0.2134337100 1082.580000 0.045000 18
50 0.2136813000 1082.580000 0.045000 18
51 0.2139288900 1082.580000 0.045000 18
52 0.2141764800 1082.580000 0.045000 18
53 0.2144240700 1082.580000 0.045000 18
54 0.2146716600 1082.580000 0.045000 18
55 0.2149192500 1082.580000 0.045000 18
56 0.2151668400 1082.580000 0.045000 18
57 0.2154144300 1082.580000 0.045000 18
58 0.2156620200 1082.580000 0.045000 18
59 0.2159096100 1082.580000 0.045000 18
60 0.2161572000 1082.580000 0.045000 18
61 0.2164047900 1082.580000 0.045000 18
62 0.2166523800 1082.580000 0.045000 18
63 0.2168999700 1082.580000 0.045000 18
64 0.2171475600 1082.580000 0.045000 18
65 0.2173951500 1082.580000 0.045000 18
66 0.2176427400 1082.580000 0.045000 18
67 0.2178903300 1082.580000 0.045000 18
68 0.2181379200 1082.580000 0.045000 18
69 0.2183855100 1082.580000 0.045000 18
70 0.2186331000 1082.580000 0.045000 18
71 0.2188806900 1082.580000 0.045000 18
72 0.2191282800 1082.580000 0.045000 18
73 0.2193758700 1082.580000 0.045000 18
74 0.2196234600 1082.580000 0.045000 18
75 0.2198710500 1082.580000 0.045000 18
76 0.2201186400 1082.580000 0.045000 18
77 0.2203662300 1082.580000 0.045000 18
78 0.2206138200 1082.580000 0.045000 18
79 0.2208614100 1082.580000 0.045000 18
80 0.2211090000 1082.580000 0.045000 18
81 0.2213565900 1082.580000 0.045000 18
82 0.2216041800 1082.580000 0.045000 18
83 0.2218517700 1082.580000 0.045000 18
84 0.2220993600 1082.580000 0.045000 18
85 0.2223469500 1082.580000 0.045000 18
86 0.2225945400 1082.580000 0.045000 18
87 0.2228421300 1082.580000 0.045000 18
88 0.2230897200 1082.580000 0.045000 18
89 0.2233373100 1082.580000 0.045000 18
90 0.2235849000 1082.580000 0.045000 18
91 0.2238324900 1082.580000 0.045000 18
92 0.2240800800 1082.580000 0.045000 18
93 0.2243276700 1082.580000 0.045000 18
94 0.2245752600 1082.580000 0.045000 18
95 0.2248228500 1082.580000 0.045000 18
96 0.2250704400 1082.580000 0.045000 18
97 0.2253180300 1082.580000 0.045000 18
98 0.2255656200 1082.580000 0.045000 18
99 0.2258132100 1082.580000 0.045000 18
100 0.2260608000 1082.580000 0.045000 18
101 0.2263083900 1082.580000 0.045000 18
102 0.2265559800 1082.580000 0.045000 18
103 0.2268035700 1082.580000 0.045000 18
104 0.2270511600 1082.580000 0.045000 18
105 0.2272987500 1082.580000 0.045000 18
106 0.2275463400 1082.580000 0.045000 18
107 0.2277939300 1082.580000 0.045000 18
108 0.2280415200 1082.580000 0.045000 18
109 0.2282891100 1082.580000 0.045000 18
110 0.2285367000 1082.580000 0.045000 18
111 0.2287842900 1082.580000 0.045000 18
112 0.2290318800 1082.580000 0.045000 18
113 0.2292794700 1082.580000 0.045000 18
114 0.2295270600 1082.580000 0.045000 18
115 0.2297746500 1082.580000 0.045000 18
116 0.2300222400 1082.580000 0.045000 18
117 0.2302698300 1082.580000 0.045000 18
118 0.2305174200 1082.580000 0.045000 18
119 0.2307650100 1082.580000 0.045000 18
120 0.2310126000 1082.580000 0.045000 18
121 0.2312601900 1082.580000 0.045000 18
122 0.2315077800 1082.580000 0.045000 18
123 0.2317553700 1082.580000 0.045000 18
124 0.2320029600 1082.580000 0.045000 18
125 0.2322505500 1082.580000 0.045000 18
126 0.2324981400 1082.580000 0.045000 18
127 0.2327457300 1082.580000 0.045000 18
128 0.2329933200 1082.580000 0.045000 18
129 0.2332409100 1082.580000 0.045000 18
130 0.2334885000 1082.580000 0.045000 18
131 0.2337360900 1082.580000 0.045000 18
132 0.2339836800 1082.580000 0.045000 18
133 0.2342312700 1082.580000 0.045000 18
134 0.2344788600 1082.580000 0.045000 18
135 0.2347264500 1082.580000 0.045000 18
136 0.2349740400 1082.580000 0.045000 18
137 0.2352216300 1082.580000 0.045000 18
138 0.2354692200 1082.580000 0.045000 18
139 0.2357168100 1082.580000 0.045000 18
140 0.2359644000 1082.580000 0.045000 18
141 0.2362119900 1082.580000 0.045000 18
142 0.2364595800 1082.580000 0.045000 18
143 0.2367071700 1082.580000 0.045000 18
144 0.2369547600 1082.580000 0.045000 18
145 0.2372023500 1082.580000 0.045000 18
146 0.2374499400 1082.580000 0.045000 18
147 0.2376975300 1082.580000 0.045000 18
148 0.2379451200 1082.580000 0.045000 18
149 0.2381927100 1082.580000 0.045000 18
150 0.2384403000 1082.580000 0.045000 18
151 0.2386878900 1082.580000 0.045000 18
152 0.2389354800 1082.580000 0.045000 18
153 0.2391830700 1082.580000 0.045000 18
154 0.2394306600 1082.580000 0.045000 18
155 0.2396782500 1082.580000 0.045000 18
156 0.2399258400 1082.580000 0.045000 18
157 0.2401734300 1082.580000 0.045000 18
158 0.2404210200 1082.580000 0.045000 18
159 0.2406686100 1082.580000 0.045000 18
160 0.2409162000 1082.580000 0.045000 18
161 0.2411637900 1082.580000 0.045000 18
162 0.2414113800 1082.580000 0.045000 18
163 0.2416589700 1082.580000 0.045000 18
164 0.2419065600 1082.580000 0.045000 18
165 0.2421541500 1082.580000 0.045000 18
166 0.2424017400 1082.580000 0.045000 18
167 0.2426493300 1082.580000 0.045000 18
168 0.2428969200 1082.580000 0.045000 18
169 0.2431445100 1082.580000 0.045000 18
170 0.2433921000 1082.580000 0.045000 18
171 0.2436396900 1082.580000 0.045000 18
172 0.2438872800 1082.580000 0.045000 18
173 0.2441348700 1082.580000 0.045000 18
174 0.2443824600 1082.580000 0.045000 18
175 0.2446300500 1082.580000 0.045000 18
176 0.2448776400 1082.580000 0.045000 18
177 0.2451252300 1082.580000 0.045000 18
178 0.2453728200 1082.580000 0.045000 18
179 0.2456204100 1082.580000 0.045000 18
180 0.2458680000 1082.580000 0.045000 18
181 0.2461155900 1082.580000 0.045000 18
182 0.2463631800 1082.580000 0.045000 18
183 0.2466107700 1082.580000 0.045000 18
184 0.2468583600 1082.580000 0.045000 18
185 0.2471059500 1082.580000 0.045000 18
186 0.2473535400 1082.580000 0.045000 18
187 0.2476011300 1082.580000 0.045000 18
188 0.2478487200 1082.580000 0.045000 18
189 0.2480963100 1082.580000 0.045000 18
190 0.2483439000 1082.580000 0.045000 18
191 0.2485914900 1082.580000 0.045000 18
192 0.2488390800 1082.580000 0.045000 18
193 0.2490866700 1082.580000 0.045000 18
194 0.2493342600 1082.580000 0.045000 18
195 0.2495818500 1082.580000 0.045000 18
196 0.2498294400 1082.580000 0.045000 18
197 0.2500770300 1082.580000 0.045000 18
198 0.2503246200 1082.580000 0.045000 18
199 0.2505722100 1082.580000 0.045000 18
200 0.2508198000 1082.580000 0.045000 18
201 0.2510673900 1082.580000 0.045000 18
202 0.2513149800 1082.580000 0.045000 18
203 0.2515625700 1082.580000 0.045000 18
204 0.2518101600 1082.580000 0.045000 18
205 0.2520577500 1082.580000 0.045000 18
206 0.2523053400 1082.580000 0.045000 18
207 0.2525529300 1082.580000 0.045000 18
208 0.2528005200 1082.580000 0.045000 18
209 0.2530481100 1082.580000 0.045000 18
210 0.2532957000 1082.580000 0.045000 18
211 0.2535432900 1082.580000 0.045000 18
212 0.2537908800 1082.580000 0.045000 18
213 0.2540384700 1082.580000 0.045000 18
214 0.2542860600 1082.580000 0.045000 18
215 0.2545336500 1082.580000 0.045000 18
216 0.2547812400 1082.580000 0.045000 18
217 0.2550288300 1082.580000 0.045000 18
218 0.2552764200 1082.580000 0.045000 18
219 0.2555240100 1082.580000 0.045000 18
220 0.2557716000 1082.580000 0.045000 18
221 0.2560191900 1082.580000 0.045000 18
222 0.2562667800 1082.580000 0.045000 18
223 0.2565143700 1082.580000 0.045000 18
224 0.2567619600 1082.580000 0.045000 18
225 0.2570095500 1082.580000 0.045000 18
226 0.2572571400 1082.580000 0.045000 18
227 0.2575047300 1082.580000 0.045000 18
228 0.2577523200 1082.580000 0.045000 18
229 0.2579999100 1082.580000 0.045000 18
230 0.2582475000 1082.580000 0.045000 18
231 0.2584950900 1082.580000 0.045000 18
232 0.2587426800 1082.580000 0.045000 18
233 0.2589902700 1082.580000 0.045000 18
234 0.2592378600 1082.580000 0.045000 18
235 0.2594854500 1082.580000 0.045000 18
236 0.2597330400 1082.580000 0.045000 18
237 0.2599806300 1082.580000 0.045000 18
238 0.2602282200 1082.580000 0.045000 18
239 0.2604758100 1082.580000 0.045000 18
240 0.2607234000 1082.580000 0.045000 18
241 0.2609709900 1082.580000 0.045000 18
242 0.2612185800 1082.580000 0.045000 18
243 0.2614661700 1082.580000 0.045000 18
244 0.2617137600 1082.580000 0.045000 18
245 0.2619613500 1082.580000 0.045000 18
246 0.2622089400 1082.580000 0.045000 18
247 0.2624565300 1082.580000 0.045000 18
248 0.2627041200 1082.580000 0.045000 18
249 0.2629517100 1082.580000 0.045000 18
250 0.2631993000 1082.580000 0.045000 18
251 0.2634468900 1082.580000 0.045000 18
252 0.2636944800 1082.580000 0.045000 18
253 0.2639420700 1082.580000 0.045000 18
254 0.2641896600 1082.580000 0.045000 18
255 0.2644372500 1082.580000 0.045000 18
256 0.2646848400 1082.580000 0.045000 18
257 0.2649324300 1082.580000 0.045000 18
258 0.2651800200 1082.580000 0.045000 18
259 0.2654276100 1082.580000 0.045000 18
260 0.2656752000 1082.580000 0.045000 18
261 0.2659227900 1082.580000 0.045000 18
262 0.2661703800 1082.580000 0.045000 18
263 0.2664179700 1082.580000 0.045000 18
264 0.2666655600 1082.580000 0.045000 18
265 0.2669131500 1082.580000 0.045000 18
266 0.2671607400 1082.580000 0.045000 18
267 0.2674083300 1082.580000 0.045000 18
268 0.2676559200 1082.580000 0.045000 18
269 0.2679035100 1082.580000 0.045000 18
270 0.2681511000 1082.580000 0.045000 18
271 0.2683986900 1082.580000 0.045000 18
272 0.2686462800 1082.580000 0.045000 18
273 0.2688938700 1082.580000 0.045000 18
274 0.2691414600 1082.580000 0.045000 18
275 0.2693890500 1082.580000 0.045000 18
276 0.2696366400 1082.580000 0.045000 18
277 0.2698842300 1082.580000 0.045000 18
278 0.2701318200 1082.580000 0.045000 18
279 0.2703794100 1082.580000 0.045000 18
280 0.2706270000 1082.580000 0.045000 18
281 0.2708745900 1082.580000 0.045000 18
282 0.2711221800 1082.580000 0.045000 18
283 0.2713697700 1082.580000 0.045000 18
284 0.2716173600 1082.580000 0.045000 18
285 0.2718649500 1082.580000 0.045000 18
286 0.2721125400 1082.580000 0.045000 18
287 0.2723601300 1082.580000 0.045000 18
288 0.2726077200 1082.580000 0.045000 18
289 0.2728553100 1082.580000 0.045000 18
290 0.2731029000 1082.580000 0.045000 18
291 0.2733504900 1082.580000 0.045000 18
292 0.2735980800 1082.580000 0.045000 18
293 0.2738456700 1082.580000 0.045000 18
294 0.2740932600 1082.580000 0.045000 18
295 0.2743408500 1082.580000 0.045000 18
296 0.2745884400 1082.580000 0.045000 18
297 0.2748360300 1082.580000 0.045000 18
298 0.2750836200 1082.580000 0.045000 18
299 0.2753312100 1082.580000 0.045000 18
300 0.2755788000 1082.580000 0.045000 18
301 0.2758263900 1082.580000 0.045000 18
302 0.2760739800 1082.580000 0.045000 18
303 0.2763215700 1082.580000 0.045000 18
304 0.2765691600 1082.580000 0.045000 18
305 0.2768167500 1082.580000 0.045000 18
306 0.2770643400 1082.580000 0.045000 18
307 0.2773119300 1082.580000 0.045000 18
308 0.2775595200 1082.580000 0.045000 18
309 0.2778071100 1082.580000 0.045000 18
310 0.2780547000 1082.580000 0.045000 18
311 0.2783022900 1082.580000 0.045000 18
312 0.2785498800 1082.580000 0.045000 18
313 0.2787974700 1082.580000 0.045000 18
314 0.2790450600 1082.580000 0.045000 18
315 0.2792926500 1082.580000 0.045000 18
316 0.2795402400 1082.580000 0.045000 18
317 0.2797878300 1082.580000 0.045000 18
318 0.2800354200 1082.580000 0.045000 18
319 0.2802830100 1082.580000 0.045000 18
320 0.2805306000 1082.580000 0.045000 18
321 0.2807781900 1082.580000 0.045000 18
322 0.2810257800 1082.580000 0.045000 18
323 0.2812733700 1082.580000 0.045000 18
324 0.2815209600 1082.580000 0.045000 18
325 0.2817685500 1082.580000 0.045000 18
326 0.2820161400 1082.580000 0.045000 18
327 0.2822637300 1082.580000 0.045000 18
328 0.2825113200 1082.580000 0.045000 18
329 0.2827589100 1082.580000 0.045000 18
330 0.2830065000 1082.580000 0.045000 18
331 0.2832540900 1082.580000 0.045000 18
332 0.2835016800 1082.580000 0.045000 18
333 0.2837492700 1082.580000 0.045000 18
334 0.2839968600 1082.580000 0.045000 18
335 0.2842444500 1082.580000 0.045000 18
336 0.2844920400 1082.580000 0.045000 18
337 0.2847396300 1082.580000 0.045000 18
338 0.2849872200 1082.580000 0.045000 18
339 0.2852348100 1082.580000 0.045000 18
340 0.2854824000 1082.580000 0.045000 18
341 0.2857299900 1082.580000 0.045000 18
342 0.2859775800 1082.580000 0.045000 18
343 0.2862251700 1082.580000 0.045000 18
344 0.2864727600 1082.580000 0.045000 18
345 0.2867203500 1082.580000 0.045000 18
346 0.2869679400 1082.580000 0.045000 18
347 0.2872155300 1082.580000 0.045000 18
348 0.2874631200 1082.580000 0.045000 18
349 0.2877107100 1082.580000 0.045000 18
350 0.2879583000 1082.580000 0.045000 18
351 0.2882058900 1082.580000 0.045000 18
352 0.2884534800 1082.580000 0.045000 18
353 0.2887010700 1082.580000 0.045000 18
354 0.2889486600 1082.580000 0.045000 18
355 0.2891962500 1082.580000 0.045000 18
356 0.2894438400 1082.580000 0.045000 18
357 0.2896914300 1082.580000 0.045000 18
358 0.2899390200 1082.580000 0.045000 18
359 0.2901866100 1082.580000 0.045000 18
360 0.2904342000 1082.580000 0.045000 18
361 0.2906817900 1082.580000 0.045000 18
362 0.2909293800 1082.580000 0.045000 18
363 0.2911769700 1082.580000 0.045000 18
364 0.2914245600 1082.580000 0.045000 18
365 0.2916721500 1082.580000 0.045000 18
366 0.2919197400 1082.580000 0.045000 18
367 0.2921673300 1082.580000 0.045000 18
368 0.2924149200 1082.580000 0.045000 18
369 0.2926625100 1082.580000 0.045000 18
370 0.2929101000 1082.580000 0.045000 18
371 0.2931576900 1082.580000 0.045000 18
372 0.2934052800 1082.580000 0.045000 18
373 0.2936528700 1082.580000 0.045000 18
374 0.2939004600 1082.580000 0.045000 18
375 0.2941480500 1082.580000 0.045000 18
376 0.2943956400 1082.580000 0.045000 18
377 0.2946432300 1082.580000 0.045000 18
378 0.2948908200 1082.580000 0.045000 18
379 0.2951384100 1082.580000 0.045000 18
380 0.2953860000 1082.580000 0.045000 18
381 0.2956335900 1082.580000 0.045000 18
382 0.2958811800 1082.580000 0.045000 18
383 0.2961287700 1082.580000 0.045000 18
384 0.2963763600 1082.580000 0.045000 18
385 0.2966239500 1082.580000 0.045000 18
386 0.2968715400 1082.580000 0.045000 18
387 0.2971191300 1082.580000 0.045000 18
388 0.2973667200 1082.580000 0.045000 18
389 0.2976143100 1082.580000 0.045000 18
390 0.2978619000 1082.580000 0.045000 18
391 0.2981094900 1082.580000 0.045000 18
392 0.2983570800 1082.580000 0.045000 18
393 0.2986046700 1082.580000 0.045000 18
394 0.2988522600 1082.580000 0.045000 18
395 0.2990998500 1082.580000 0.045000 18
396 0.2993474400 1082.580000 0.045000 18
397 0.2995950300 1082.580000 0.045000 18
398 0.2998426200 1082.580000 0.045000 18
399 0.3000902100 1082.580000 0.045000 18
400 0.3003378000 1082.580000 0.045000 18
401 0.3005853900 1082.580000 0.045000 18
402 0.3008329800 1082.580000 0.045000 18
403 0.3010805700 1082.580000 0.045000 18
404 0.3013281600 1082.580000 0.045000 18
405 0.3015757500 1082.580000 0.045000 18
406 0.3018233400 1082.580000 0.045000 18
407 0.3020709300 1082.580000 0.045000 18
408 0.3023185200 1082.580000 0.045000 18
409 0.3025661100 1082.580000 0.045000 18
410 0.3028137000 1082.580000 0.045000 18
411 0.3030612900 1082.580000 0.045000 18
412 0.3033088800 1082.580000 0.045000 18
413 0.3035564700 1082.580000 0.045000 18
414 0.3038040600 1082.580000 0.045000 18
415 0.3040516500 1082.580000 0.045000 18
416 0.3042992400 1082.580000 0.045000 18
417 0.3045468300 1082.580000 0.045000 18
418 0.3047944200 1082.580000 0.045000 18
419 0.3050420100 1082.580000 0.045000 18
420 0.3052896000 1082.580000 0.045000 18
421 0.3055371900 1082.580000 0.045000 18
422 0.3057847800 1082.580000 0.045000 18
423 0.3060323700 1082.580000 0.045000 18
424 0.3062799600 1082.580000 0.045000 18
425 0.3065275500 1082.580000 0.045000 18
426 0.3067751400 1082.580000 0.045000 18
427 0.3070227300 1082.580000 0.045000 18
428 0.3072703200 1082.580000 0.045000 18
429 0.3075179100 1082.580000 0.045000 18
430 0.3077655000 1082.580000 0.045000 18
431 0.3080130900 1082.580000 0.045000 18
432 0.3082606800 1082.580000 0.045000 18
433 0.3085082700 1082.580000 0.045000 18
434 0.3087558600 1082.580000 0.045000 18
435 0.3090034500 1082.580000 0.045000 18
436 0.3092510400 1082.580000 0.045000 18
437 0.3094986300 1082.580000 0.045000 18
438 0.3097462200 1082.580000 0.045000 18
439 0.3099938100 1082.580000 0.045000 18
440 0.3102414000 1082.580000 0.045000 18
441 0.3104889900 1082.580000 0.045000 18
442 0.3107365800 1082.580000 0.045000 18
443 0.3109841700 1082.580000 0.045000 18
444 0.3112317600 1082.580000 0.045000 18
445 0.3114793500 1082.580000 0.045000 18
446 0.3117269400 1082.580000 0.045000 18
447 0.3119745300 1082.580000 0.045000 18
448 0.3122221200 1082.580000 0.045000 18
449 0.3124697100 1082.580000 0.045000 18
450 0.3127173000 1082.580000 0.045000 18
451 0.3129648900 1082.580000 0.045000 18
452 0.3132124800 1082.580000 0.045000 18
453 0.3134600700 1082.580000 0.045000 18
454 0.3137076600 1082.580000 0.045000 18
455 0.3139552500 1082.580000 0.045000 18
456 0.3142028400 1082.580000 0.045000 18
457 0.3144504300 1082.580000 0.045000 18
458 0.3146980200 1082.580000 0.045000 18
459 0.3149456100 1082.580000 0.045000 18
460 0.3151932000 1082.580000 0.045000 18
461 0.3154407900 1082.580000 0.045000 18
462 0.3156883800 1082.580000 0.045000 18
463 0.3159359700 1082.580000 0.045000 18
464 0.3161835600 1082.580000 0.045000 18
465 0.3164311500 1082.580000 0.045000 18
466 0.3166787400 1082.580000 0.045000 18
467 0.3169263300 1082.580000 0.045000 18
468 0.3171739200 1082.580000 0.045000 18
469 0.3174215100 1082.580000 0.045000 18
470 0.3176691000 1082.580000 0.045000 18
471 0.3179166900 1082.580000 0.045000 18
472 0.3181642800 1082.580000 0.045000 18
473 0.3184118700 1082.580000 0.045000 18
474 0.3186594600 1082.580000 0.045000 18
475 0.3189070500 1082.580000 0.045000 18
476 0.3191546400 1082.580000 0.045000 18
477 0.3194022300 1082.580000 0.045000 18
478 0.3196498200 1082.580000 0.045000 18
479 0.3198974100 1082.580000 0.045000 18
480 0.3201450000 1082.580000 0.045000 18
481 0.3203925900 1082.580000 0.045000 18
482 0.3206401800 1082.580000 0.045000 18
483 0.3208877700 1082.580000 0.045000 18
484 0.3211353600 1082.580000 0.045000 18
485 0.3213829500 1082.580000 0.045000 18
486 0.3216305400 1082.580000 0.045000 18
487 0.3218781300 1082.580000 0.045000 18
488 0.3221257200 1082.580000 0.045000 18
489 0.3223733100 1082.580000 0.045000 18
490 0.3226209000 1082.580000 0.045000 18
491 0.3228684900 1082.580000 0.045000 18
492 0.3231160800 1082.580000 0.045000 18
493 0.3233636700 1082.580000 0.045000 18
494 0.3236112600 1082.580000 0.045000 18
495 0.3238588500 1082.580000 0.045000 18
496 0.3241064400 1082.580000 0.045000 18
497 0.3243540300 1082.580000 0.045000 18
498 0.3246016200 1082.580000 0.045000 18
499 0.3248492100 1082.580000 0.045000 18
500 0.3250968000 1082.580000 0.045000 18
501 0.3253443900 1082.580000 0.045000 18
502 0.3255919800 1082.580000 0.045000 18
503 0.3258395700 1082.580000 0.045000 18
504 0.3260871600 1082.580000 0.045000 18
505 0.3263347500 1082.580000 0.045000 18
506 0.3265823400 1082.580000 0.045000 18
507 0.3268299300 1082.580000 0.045000 18
508 0.3270775200 1082.580000 0.045000 18
509 0.3273251100 1082.580000 0.045000 18
510 0.3275727000 1082.580000 0.045000 18
511 0.3278202900 1082.580000 0.045000 18
512 0.3280678800 1082.580000 0.045000 18
513 0.3283154700 1082.580000 0.045000 18
514 0.3285630600 1082.580000 0.045000 18
515 0.3288106500 1082.580000 0.045000 18
516 0.3290582400 1082.580000 0.045000 18
517 0.3293058300 1082.580000 0.045000 18
518 0.3295534200 1082.580000 0.045000 18
519 0.3298010100 1082.580000 0.045000 18
520 0.3300486000 1082.580000 0.045000 18
521 0.3302961900 1082.580000 0.045000 18
522 0.3305437800 1082.580000 0.045000 18
523 0.3307913700 1082.580000 0.045000 18
524 0.3310389600 1082.580000 0.045000 18
525 0.3312865500 1082.580000 0.045000 18
526 0.3315341400 1082.580000 0.045000 18
527 0.3317817300 1082.580000 0.045000 18
528 0.3320293200 1082.580000 0.045000 18
529 0.3322769100 1082.580000 0.045000 18
530 0.3325245000 1082.580000 0.045000 18
531 0.3327720900 1082.580000 0.045000 18
532 0.3330196800 1082.580000 0.045000 18
533 0.3332672700 1082.580000 0.045000 18
534 0.3335148600 1082.580000 0.045000 18
535 0.3337624500 1082.580000 0.045000 18
536 0.3340100400 1082.580000 0.045000 18
537 0.3342576300 1082.580000 0.045000 18
538 0.3345052200 1082.580000 0.045000 18
539 0.3347528100 1082.580000 0.045000 18
540 0.3350004000 1082.580000 0.045000 18
541 0.3352479900 1082.580000 0.045000 18
542 0.3354955800 1082.580000 0.045000 18
543 0.3357431700 1082.580000 0.045000 18
544 0.3359907600 1082.580000 0.045000 18
545 0.3362383500 1082.580000 0.045000 18
546 0.3364859400 1082.580000 0.045000 18
547 0.3367335300 1082.580000 0.045000 18
548 0.3369811200 1082.580000 0.045000 18
549 0.3372287100 1082.580000 0.045000 18
550 0.3374763000 1082.580000 0.045000 18
551 0.3377238900 1082.580000 0.045000 18
552 0.3379714800 1082.580000 0.045000 18
553 0.3382190700 1082.580000 0.045000 18
554 0.3384666600 1082.580000 0.045000 18
555 0.3387142500 1082.580000 0.045000 18
556 0.3389618400 1082.580000 0.045000 18
557 0.3392094300 1082.580000 0.045000 18
558 0.3394570200 1082.580000 0.045000 18
559 0.3397046100 1082.580000 0.045000 18
560 0.3399522000 1082.580000 0.045000 18
561 0.3401997900 1082.580000 0.045000 18
562 0.3404473800 1082.580000 0.045000 18
563 0.3406949700 1082.580000 0.045000 18
564 0.3409425600 1082.580000 0.045000 18
565 0.3411901500 1082.580000 0.045000 18
566 0.3414377400 1082.580000 0.045000 18
567 0.3416853300 1082.580000 0.045000 18
568 0.3419329200 1082.580000 0.045000 18
569 0.3421805100 1082.580000 0.045000 18
570 0.3424281000 1082.580000 0.045000 18
571 0.3426756900 1082.580000 0.045000 18
572 0.3429232800 1082.580000 0.045000 18
573 0.3431708700 1082.580000 0.045000 18
574 0.3434184600 1082.580000 0.045000 18
575 0.3436660500 1082.580000 0.045000 18
576 0.3439136400 1082.580000 0.045000 18
577 0.3441612300 1082.580000 0.045000 18
578 0.3444088200 1082.580000 0.045000 18
579 0.3446564100 1082.580000 0.045000 18
580 0.3449040000 1082.580000 0.045000 18
581 0.3451515900 1082.580000 0.045000 18
582 0.3453991800 1082.580000 0.045000 18
583 0.3456467700 1082.580000 0.045000 18
584 0.3458943600 1082.580000 0.045000 18
585 0.3461419500 1082.580000 0.045000 18
586 0.3463895400 1082.580000 0.045000 18
587 0.3466371300 1082.580000 0.045000 18
588 0.3468847200 1082.580000 0.045000 18
589 0.3471323100 1082.580000 0.045000 18
590 0.3473799000 1082.580000 0.045000 18
591 0.3476274900 1082.580000 0.045000 18
592 0.3478750800 1082.580000 0.045000 18
593 0.3481226700 1082.580000 0.045000 18
594 0.3483702600 1082.580000 0.045000 18
595 0.3486178500 1082.580000 0.045000 18
596 0.3488654400 1082.580000 0.045000 18
597 0.3491130300 1082.580000 0.045000 18
598 0.3493606200 1082.580000 0.045000 18
599 0.3496082100 1082.580000 0.045000 18
600 0.3498558000 1082.580000 0.045000 18
601 0.3501033900 1082.580000 0.045000 18
602 0.3503509800 1082.580000 0.045000 18
603 0.3505985700 1082.580000 0.045000 18
604 0.3508461600 1082.580000 0.045000 18
605 0.3510937500 1082.580000 0.045000 18
606 0.3513413400 1082.580000 0.045000 18
607 0.3515889300 1082.580000 0.045000 18
608 0.3518365200 1082.580000 0.045000 18
609 0.3520841100 1082.580000 0.045000 18
610 0.3523317000 1082.580000 0.045000 18
611 0.3525792900 1082.580000 0.045000 18
612 0.3528268800 1082.580000 0.045000 18
613 0.3530744700 1082.580000 0.045000 18
614 0.3533220600 1082.580000 0.045000 18
615 0.3535696500 1082.580000 0.045000 18
616 0.3538172400 1082.580000 0.045000 18
617 0.3540648300 1082.580000 0.045000 18
618 0.3543124200 1082.580000 0.045000 18
619 0.3545600100 1082.580000 0.045000 18
620 0.3548076000 1082.580000 0.045000 18
621 0.3550551900 1082.580000 0.045000 18
622 0.3553027800 1082.580000 0.045000 18
623 0.3555503700 1082.580000 0.045000 18
624 0.3557979600 1082.580000 0.045000 18
625 0.3560455500 1082.580000 0.045000 18
626 0.3562931400 1082.580000 0.045000 18
627 0.3565407300 1082.580000 0.045000 18
628 0.3567883200 1082.580000 0.045000 18
629 0.3570359100 1082.580000 0.045000 18
630 0.3572835000 1082.580000 0.045000 18
631 0.3575310900 1082.580000 0.045000 18
632 0.3577786800 1082.580000 0.045000 18
633 0.3580262700 1082.580000 0.045000 18
634 0.3582738600 1082.580000 0.045000 18
635 0.3585214500 1082.580000 0.045000 18
636 0.3587690400 1082.580000 0.045000 18
637 0.3590166300 1082.580000 0.045000 18
638 0.3592642200 1082.580000 0.045000 18
639 0.3595118100 1082.580000 0.045000 18
640 0.3597594000 1082.580000 0.045000 18
641 0.3600069900 1082.580000 0.045000 18
642 0.3602545800 1082.580000 0.045000 18
643 0.3605021700 1082.580000 0.045000 18
644 0.3607497600 1082.580000 0.045000 18
645 0.3609973500 1082.580000 0.045000 18
646 0.3612449400 1082.580000 0.045000 18
647 0.3614925300 1082.580000 0.045000 18
648 0.3617401200 1082.580000 0.045000 18
649 0.3619877100 1082.580000 0.045000 18
650 0.3622353000 1082.580000 0.045000 18
651 0.3624828900 1082.580000 0.045000 18
652 0.3627304800 1082.580000 0.045000 18
653 0.3629780700 1082.580000 0.045000 18
654 0.3632256600 1082.580000 0.045000 18
655 0.3634732500 1082.580000 0.045000 18
656 0.3637208400 1082.580000 0.045000 18
657 0.3639684300 1082.580000 0.045000 18
658 0.3642160200 1082.580000 0.045000 18
659 0.3644636100 1082.580000 0.045000 18
660 0.3647112000 1082.580000 0.045000 18
661 0.3649587900 1082.580000 0.045000 18
662 0.3652063800 1082.580000 0.045000 18
663 0.3654539700 1082.580000 0.045000 18
664 0.3657015600 1082.580000 0.045000 18
665 0.3659491500 1082.580000 0.045000 18
666 0.3661967400 1082.580000 0.045000 18
667 0.3664443300 1082.580000 0.045000 18
668 0.3666919200 1082.580000 0.045000 18
669 0.3669395100 1082.580000 0.045000 18
670 0.3671871000 1082.580000 0.045000 18
671 0.3674346900 1082.580000 0.045000 18
672 0.3676822800 1082.580000 0.045000 18
673 0.3679298700 1082.580000 0.045000 18
674 0.3681774600 1082.580000 0.045000 18
675 0.3684250500 1082.580000 0.045000 18
676 0.3686726400 1082.580000 0.045000 18
677 0.3689202300 1082.580000 0.045000 18
678 0.3691678200 1082.580000 0.045000 18
679 0.3694154100 1082.580000 0.045000 18
680 0.3696630000 1082.580000 0.045000 18
681 0.3699105900 1082.580000 0.045000 18
682 0.3701581800 1082.580000 0.045000 18
683 0.3704057700 1082.580000 0.045000 18
684 0.3706533600 1082.580000 0.045000 18
685 0.3709009500 1082.580000 0.045000 18
686 0.3711485400 1082.580000 0.045000 18
687 0.3713961300 1082.580000 0.045000 18
688 0.3716437200 1082.580000 0.045000 18
689 0.3718913100 1082.580000 0.045000 18
690 0.3721389000 1082.580000 0.045000 18
691 0.3723864900 1082.580000 0.045000 18
692 0.3726340800 1082.580000 0.045000 18
693 0.3728816700 1082.580000 0.045000 18
694 0.3731292600 1082.580000 0.045000 18
695 0.3733768500 1082.580000 0.045000 18
696 0.3736244400 1082.580000 0.045000 18
697 0.3738720300 1082.580000 0.045000 18
698 0.3741196200 1082.580000 0.045000 18
699 0.3743672100 1082.580000 0.045000 18
700 0.3746148000 1082.580000 0.045000 18
701 0.3748623900 1082.580000 0.045000 18
702 0.3751099800 1082.580000 0.045000 18
703 0.3753575700 1082.580000 0.045000 18
704 0.3756051600 1082.580000 0.045000 18
705 0.3758527500 1082.580000 0.045000 18
706 0.3761003400 1082.580000 0.045000 18
707 0.3763479300 1082.580000 0.045000 18
708 0.3765955200 1082.580000 0.045000 18
709 0.3768431100 1082.580000 0.045000 18
710 0.3770907000 1082.580000 0.045000 18
711 0.3773382900 1082.580000 0.045000 18
712 0.3775858800 1082.580000 0.045000 18
713 0.3778334700 1082.580000 0.045000 18
714 0.3780810600 1082.580000 0.045000 18
715 0.3783286500 1082.580000 0.045000 18
716 0.3785762400 1082.580000 0.045000 18
717 0.3788238300 1082.580000 0.045000 18
718 0.3790714200 1082.580000 0.045000 18
719 0.3793190100 1082.580000 0.045000 18
720 0.3795666000 1082.580000 0.045000 18
721 0.3798141900 1082.580000 0.045000 18
722 0.3800617800 1082.580000 0.045000 18
723 0.3803093700 1082.580000 0.045000 18
724 0.3805569600 1082.580000 0.045000 18
725 0.3808045500 1082.580000 0.045000 18
726 0.3810521400 1082.580000 0.045000 18
727 0.3812997300 1082.580000 0.045000 18
728 0.3815473200 1082.580000 0.045000 18
729 0.3817949100 1082.580000 0.045000 18
730 0.3820425000 1082.580000 0.045000 18
731 0.3822900900 1082.580000 0.045000 18
732 0.3825376800 1082.580000 0.045000 18
733 0.3827852700 1082.580000 0.045000 18
734 0.3830328600 1082.580000 0.045000 18
735 0.3832804500 1082.580000 0.045000 18
736 0.3835280400 1082.580000 0.045000 18
737 0.3837756300 1082.580000 0.045000 18
738 0.3840232200 1082.580000 0.045000 18
739 0.3842708100 1082.580000 0.045000 18
740 0.3845184000 1082.580000 0.045000 18
741 0.3847659900 1082.580000 0.045000 18
742 0.3850135800 1082.580000 0.045000 18
743 0.3852611700 1082.580000 0.045000 18
744 0.3855087600 1082.580000 0.045000 18
745 0.3857563500 1082.580000 0.045000 18
746 0.3860039400 1082.580000 0.045000 18
747 0.3862515300 1082.580000 0.045000 18
748 0.3864991200 1082.580000 0.045000 18
749 0.3867467100 1082.580000 0.045000 18
750 0.3869943000 1082.580000 0.045000 18
751 0.3872418900 1082.580000 0.045000 18
752 0.3874894800 1082.580000 0.045000 18
753 0.3877370700 1082.580000 0.045000 18
754 0.3879846600 1082.580000 0.045000 18
755 0.3882322500 1082.580000 0.045000 18
756 0.3884798400 1082.580000 0.045000 18
757 0.3887274300 1082.580000 0.045000 18
758 0.3889750200 1082.580000 0.045000 18
759 0.3892226100 1082.580000 0.045000 18
760 0.3894702000 1082.580000 0.045000 18
761 0.3897177900 1082.580000 0.045000 18
762 0.3899653800 1082.580000 0.045000 18
763 0.3902129700 1082.580000 0.045000 18
764 0.3904605600 1082.580000 0.045000 18
765 0.3907081500 1082.580000 0.045000 18
766 0.3909557400 1082.580000 0.045000 18
767 0.3912033300 1082.580000 0.045000 18
768 0.3914509200 1082.580000 0.045000 18
769 0.3916985100 1082.580000 0.045000 18
770 0.3919461000 1082.580000 0.045000 18
771 0.3921936900 1082.580000 0.045000 18
772 0.3924412800 1082.580000 0.045000 18
773 0.3926888700 1082.580000 0.045000 18
774 0.3929364600 1082.580000 0.045000 18
775 0.3931840500 1082.580000 0.045000 18
776 0.3934316400 1082.580000 0.045000 18
777 0.3936792300 1082.580000 0.045000 18
778 0.3939268200 1082.580000 0.045000 18
779 0.3941744100 1082.580000 0.045000 18
780 0.3944220000 1082.580000 0.045000 18
781 0.3946695900 1082.580000 0.045000 18
782 0.3949171800 1082.580000 0.045000 18
783 0.3951647700 1082.580000 0.045000 18
784 0.3954123600 1082.580000 0.045000 18
785 0.3956599500 1082.580000 0.045000 18
786 0.3959075400 1082.580000 0.045000 18
787 0.3961551300 1082.580000 0.045000 18
788 0.3964027200 1082.580000 0.045000 18
789 0.3966503100 1082.580000 0.045000 18
790 0.3968979000 1082.580000 0.045000 18
791 0.3971454900 1082.580000 0.045000 18
792 0.3973930800 1082.580000 0.045000 18
793 0.3976406700 1082.580000 0.045000 18
794 0.3978882600 1082.580000 0.045000 18
795 0.3981358500 1082.580000 0.045000 18
796 0.3983834400 1082.580000 0.045000 18
797 0.3986310300 1082.580000 0.045000 18
798 0.3988786200 1082.580000 0.045000 18
799 0.3991262100 1082.580000 0.045000 18
800 0.3993738000 1082.580000 0.045000 18
801 0.3996213900 1082.580000 0.045000 18
802 0.3998689800 1082.580000 0.045000 18
803 0.4001165700 1082.580000 0.045000 18
804 0.4003641600 1082.580000 0.045000 18
805 0.4006117500 1082.580000 0.045000 18
806 0.4008593400 1082.580000 0.045000 18
807 0.4011069300 1082.580000 0.045000 18
808 0.4013545200 1082.580000 0.045000 18
809 0.4016021100 1082.580000 0.045000 18
810 0.4018497000 1082.580000 0.045000 18
811 0.4020972900 1082.580000 0.045000 18
812 0.4023448800 1082.580000 0.045000 18
813 0.4025924700 1082.580000 0.045000 18
814 0.4028400600 1082.580000 0.045000 18
815 0.4030876500 1082.580000 0.045000 18
816 0.4033352400 1082.580000 0.045000 18
817 0.4035828300 1082.580000 0.045000 18
818 0.4038304200 1082.580000 0.045000 18
819 0.4040780100 1082.580000 0.045000 18
820 0.4043256000 1082.580000 0.045000 18
821 0.4045731900 1082.580000 0.045000 18
822 0.4048207800 1082.580000 0.045000 18
823 0.4050683700 1082.580000 0.045000 18
824 0.4053159600 1082.580000 0.045000 18
825 0.4055635500 1082.580000 0.045000 18
826 0.4058111400 1082.580000 0.045000 18
827 0.4060587300 1082.580000 0.045000 18
828 0.4063063200 1082.580000 0.045000 18
829 0.4065539100 1082.580000 0.045000 18
830 0.4068015000 1082.580000 0.045000 18
831 0.4070490900 1082.580000 0.045000 18
832 0.4072966800 1082.580000 0.045000 18
833 0.4075442700 1082.580000 0.045000 18
834 0.4077918600 1082.580000 0.045000 18
835 0.4080394500 1082.580000 0.045000 18
836 0.4082870400 1082.580000 0.045000 18
837 0.4085346300 1082.580000 0.045000 18
838 0.4087822200 1082.580000 0.045000 18
839 0.4090298100 1082.580000 0.045000 18
840 0.4092774000 1082.580000 0.045000 18
841 0.4095249900 1082.580000 0.045000 18
842 0.4097725800 1082.580000 0.045000 18
843 0.4100201700 1082.580000 0.045000 18
844 0.4102677600 1082.580000 0.045000 18
845 0.4105153500 1082.580000 0.045000 18
846 0.4107629400 1082.580000 0.045000 18
847 0.4110105300 1082.580000 0.045000 18
848 0.4112581200 1082.580000 0.045000 18
849 0.4115057100 1082.580000 0.045000 18
850 0.4117533000 1082.580000 0.045000 18
851 0.4120008900 1082.580000 0.045000 18
852 0.4122484800 1082.580000 0.045000 18
853 0.4124960700 1082.580000 0.045000 18
854 0.4127436600 1082.580000 0.045000 18
855 0.4129912500 1082.580000 0.045000 18
856 0.4132388400 1082.580000 0.045000 18
857 0.4134864300 1082.580000 0.045000 18
858 0.4137340200 1082.580000 0.045000 18
859 0.4139816100 1082.580000 0.045000 18
860 0.4142292000 1082.580000 0.045000 18
861 0.4144767900 1082.580000 0.045000 18
862 0.4147243800 1082.580000 0.045000 18
863 0.4149719700 1082.580000 0.045000 18
864 0.4152195600 1082.580000 0.045000 18
865 0.4154671500 1082.580000 0.045000 18
866 0.4157147400 1082.580000 0.045000 18
867 0.4159623300 1082.580000 0.045000 18
868 0.4162099200 1082.580000 0.045000 18
869 0.4164575100 1082.580000 0.045000 18
870 0.4167051000 1082.580000 0.045000 18
871 0.4169526900 1082.580000 0.045000 18
872 0.4172002800 1082.580000 0.045000 18
873 0.4174478700 1082.580000 0.045000 18
874 0.4176954600 1082.580000 0.045000 18
875 0.4179430500 1082.580000 0.045000 18
876 0.4181906400 1082.580000 0.045000 18
877 0.4184382300 1082.580000 0.045000 18
878 0.4186858200 1082.580000 0.045000 18
879 0.4189334100 1082.580000 0.045000 18
880 0.4191810000 1082.580000 0.045000 18
881 0.4194285900 1082.580000 0.045000 18
882 0.4196761800 1082.580000 0.045000 18
883 0.4199237700 1082.580000 0.045000 18
884 0.4201713600 1082.580000 0.045000 18
885 0.4204189500 1082.580000 0.045000 18
886 0.4206665400 1082.580000 0.045000 18
887 0.4209141300 1082.580000 0.045000 18
888 0.4211617200 1082.580000 0.045000 18
889 0.4214093100 1082.580000 0.045000 18
890 0.4216569000 1082.580000 0.045000 18
891 0.4219044900 1082.580000 0.045000 18
892 0.4221520800 1082.580000 0.045000 18
893 0.4223996700 1082.580000 0.045000 18
894 0.4226472600 1082.580000 0.045000 18
895 0.4228948500 1082.580000 0.045000 18
896 0.4231424400 1082.580000 0.045000 18
897 0.4233900300 1082.580000 0.045000 18
898 0.4236376200 1082.580000 0.045000 18
899 0.4238852100 1082.580000 0.045000 18
900 0.4241328000 1082.580000 0.045000 18
901 0.4243803900 1082.580000 0.045000 18
902 0.4246279800 1082.580000 0.045000 18
903 0.4248755700 1082.580000 0.045000 18
904 0.4251231600 1082.580000 0.045000 18
905 0.4253707500 1082.580000 0.045000 18
906 0.4256183400 1082.580000 0.045000 18
907 0.4258659300 1082.580000 0.045000 18
908 0.4261135200 1082.580000 0.045000 18
909 0.4263611100 1082.580000 0.045000 18
910 0.4266087000 1082.580000 0.045000 18
911 0.4268562900 1082.580000 0.045000 18
912 0.4271038800 1082.580000 0.045000 18
913 0.4273514700 1082.580000 0.045000 18
914 0.4275990600 1082.580000 0.045000 18
915 0.4278466500 1082.580000 0.045000 18
916 0.4280942400 1082.580000 0.045000 18
917 0.4283418300 1082.580000 0.045000 18
918 0.4285894200 1082.580000 0.045000 18
919 0.4288370100 1082.580000 0.045000 18
920 0.4290846000 1082.580000 0.045000 18
921 0.4293321900 1082.580000 0.045000 18
922 0.4295797800 1082.580000 0.045000 18
923 0.4298273700 1082.580000 0.045000 18
924 0.4300749600 1082.580000 0.045000 18
925 0.4303225500 1082.580000 0.045000 18
926 0.4305701400 1082.580000 0.045000 18
927 0.4308177300 1082.580000 0.045000 18
928 0.4310653200 1082.580000 0.045000 18
929 0.4313129100 1082.580000 0.045000 18
930 0.4315605000 1082.580000 0.045000 18
931 0.4318080900 1082.580000 0.045000 18
932 0.4320556800 1082.580000 0.045000 18
933 0.4323032700 1082.580000 0.045000 18
934 0.4325508600 1082.580000 0.045000 18
935 0.4327984500 1082.580000 0.045000 18
936 0.4330460400 1082.580000 0.045000 18
937 0.4332936300 1082.580000 0.045000 18
938 0.4335412200 1082.580000 0.045000 18
939 0.4337888100 1082.580000 0.045000 18
940 0.4340364000 1082.580000 0.045000 18
941 0.4342839900 1082.580000 0.045000 18
942 0.4345315800 1082.580000 0.045000 18
943 0.4347791700 1082.580000 0.045000 18
944 0.4350267600 1082.580000 0.045000 18
945 0.4352743500 1082.580000 0.045000 18
946 0.4355219400 1082.580000 0.045000 18
947 0.4357695300 1082.580000 0.045000 18
948 0.4360171200 1082.580000 0.045000 18
949 0.4362647100 1082.580000 0.045000 18
950 0.4365123000 1082.580000 0.045000 18
951 0.4367598900 1082.580000 0.045000 18
952 0.4370074800 1082.580000 0.045000 18
953 0.4372550700 1082.580000 0.045000 18
954 0.4375026600 1082.580000 0.045000 18
955 0.4377502500 1082.580000 0.045000 18
956 0.4379978400 1082.580000 0.045000 18
957 0.4382454300 1082.580000 0.045000 18
958 0.4384930200 1082.580000 0.045000 18
959 0.4387406100 1082.580000 0.045000 18
960 0.4389882000 1082.580000 0.045000 18
961 0.4392357900 1082.580000 0.045000 18
962 0.4394833800 1082.580000 0.045000 18
963 0.4397309700 1082.580000 0.045000 18
964 0.4399785600 1082.580000 0.045000 18
965 0.4402261500 1082.580000 0.045000 18
966 0.4404737400 1082.580000 0.045000 18
967 0.4407213300 1082.580000 0.045000 18
968 0.4409689200 1082.580000 0.045000 18
969 0.4412165100 1082.580000 0.045000 18
970 0.4414641000 1082.580000 0.045000 18
971 0.4417116900 1082.580000 0.045000 18
972 0.4419592800 1082.580000 0.045000 18
973 0.4422068700 1082.580000 0.045000 18
974 0.4424544600 1082.580000 0.045000 18
975 0.4427020500 1082.580000 0.045000 18
976 0.4429496400 1082.580000 0.045000 18
977 0.4431972300 1082.580000 0.045000 18
978 0.4434448200 1082.580000 0.045000 18
979 0.4436924100 1082.580000 0.045000 18
980 0.4439400000 1082.580000 0.045000 18
981 0.4441875900 1082.580000 0.045000 18
982 0.4444351800 1082.580000 0.045000 18
983 0.4446827700 1082.580000 0.045000 18
984 0.4449303600 1082.580000 0.045000 18
985 0.4451779500 1082.580000 0.045000 18
986 0.4454255400 1082.580000 0.045000 18
987 0.4456731300 1082.580000 0.045000 18
988 0.4459207200 1082.580000 0.045000 18
989 0.4461683100 1082.580000 0.045000 18
990 0.4464159000 1082.580000 0.045000 18
991 0.4466634900 1082.580000 0.045000 18
992 0.4469110800 1082.580000 0.045000 18
993 0.4471586700 1082.580000 0.045000 18
994 0.4474062600 1082.580000 0.045000 18
995 0.4476538500 1082.580000 0.045000 18
996 0.4479014400 1082.580000 0.045000 18
997 0.4481490300 1082.580000 0.045000 18
998 0.4483966200 1082.580000 0.045000 18
999 0.4486442100 1082.580000 0.045000 18
1000 0.4488918000 1082.580000 0.045000 18
