timeout energy time overhead #transitions
0 0.3936061600 1092.074000 0.551000 221
1 0.3966597700 1092.074000 0.551000 221
2 0.3997133800 1092.074000 0.551000 221
3 0.4028495200 1092.074000 0.551000 221
4 0.4019740700 1092.074000 0.541000 217
5 0.4049726600 1092.074000 0.541000 217
6 0.4079712500 1092.074000 0.541000 217
7 0.4109698400 1092.074000 0.541000 217
8 0.4139684300 1092.074000 0.541000 217
9 0.4149474700 1092.074000 0.536000 215
10 0.4179185500 1092.074000 0.536000 215
11 0.4208896300 1092.074000 0.536000 215
12 0.4238607100 1092.074000 0.536000 215
13 0.4268317900 1092.074000 0.536000 215
14 0.4298028700 1092.074000 0.536000 215
15 0.4327739500 1092.074000 0.536000 215
16 0.4357450300 1092.074000 0.536000 215
17 0.4387161100 1092.074000 0.536000 215
18 0.4416871900 1092.074000 0.536000 215
19 0.4446582700 1092.074000 0.536000 215
20 0.4476293500 1092.074000 0.536000 215
21 0.4506004300 1092.074000 0.536000 215
22 0.4535715100 1092.074000 0.536000 215
23 0.4565425900 1092.074000 0.536000 215
24 0.4595136700 1092.074000 0.536000 215
25 0.4624847500 1092.074000 0.536000 215
26 0.4654558300 1092.074000 0.536000 215
27 0.4684269100 1092.074000 0.536000 215
28 0.4713979900 1092.074000 0.536000 215
29 0.4743690700 1092.074000 0.536000 215
30 0.4773401500 1092.074000 0.536000 215
31 0.4803112300 1092.074000 0.536000 215
32 0.4832823100 1092.074000 0.536000 215
33 0.4862533900 1092.074000 0.536000 215
34 0.4892244700 1092.074000 0.536000 215
35 0.4921955500 1092.074000 0.536000 215
36 0.4951666300 1092.074000 0.536000 215
37 0.4981377100 1092.074000 0.536000 215
38 0.5011087900 1092.074000 0.536000 215
39 0.5040798700 1092.074000 0.536000 215
40 0.5070509500 1092.074000 0.536000 215
41 0.5100220300 1092.074000 0.536000 215
42 0.5129931100 1092.074000 0.536000 215
43 0.5159641900 1092.074000 0.536000 215
44 0.5189352700 1092.074000 0.536000 215
45 0.5219063500 1092.074000 0.536000 215
46 0.5248774300 1092.074000 0.536000 215
47 0.5278485100 1092.074000 0.536000 215
48 0.5308195900 1092.074000 0.536000 215
49 0.5337906700 1092.074000 0.536000 215
50 0.5367617500 1092.074000 0.536000 215
51 0.5397328300 1092.074000 0.536000 215
52 0.5427039100 1092.074000 0.536000 215
53 0.5456749900 1092.074000 0.536000 215
54 0.5486460700 1092.074000 0.536000 215
55 0.5516171500 1092.074000 0.536000 215
56 0.5545882300 1092.074000 0.536000 215
57 0.5575593100 1092.074000 0.536000 215
58 0.5605303900 1092.074000 0.536000 215
59 0.5635014700 1092.074000 0.536000 215
60 0.5664725500 1092.074000 0.536000 215
61 0.5694436300 1092.074000 0.536000 215
62 0.5724147100 1092.074000 0.536000 215
63 0.5753857900 1092.074000 0.536000 215
64 0.5783568700 1092.074000 0.536000 215
65 0.5813279500 1092.074000 0.536000 215
66 0.5842990300 1092.074000 0.536000 215
67 0.5872701100 1092.074000 0.536000 215
68 0.5902411900 1092.074000 0.536000 215
69 0.5932122700 1092.074000 0.536000 215
70 0.5961833500 1092.074000 0.536000 215
71 0.5991544300 1092.074000 0.536000 215
72 0.6021255100 1092.074000 0.536000 215
73 0.6030770400 1092.074000 0.531000 213
74 0.6040010600 1092.074000 0.526000 211
75 0.6069171200 1092.074000 0.526000 211
76 0.6078136300 1092.074000 0.521000 209
77 0.6086826300 1092.074000 0.516000 207
78 0.6075045700 1092.074000 0.506000 203
79 0.6062714900 1092.074000 0.496000 199
80 0.6090224900 1092.074000 0.496000 199
81 0.6117734900 1092.074000 0.496000 199
82 0.6104853900 1092.074000 0.486000 195
83 0.6111618200 1092.074000 0.481000 193
84 0.6017481000 1092.074000 0.450000 180
85 0.6022044500 1092.074000 0.445000 178
86 0.5985941900 1092.074000 0.430000 172
87 0.6009600500 1092.074000 0.430000 172
88 0.6033259100 1092.074000 0.430000 172
89 0.6036722200 1092.074000 0.425000 170
90 0.5898541700 1092.074000 0.385000 154
91 0.5859688100 1092.074000 0.370000 148
92 0.5779618200 1092.074000 0.345000 138
93 0.5698447900 1092.074000 0.320000 128
94 0.5635547400 1092.074000 0.300000 120
95 0.5536382400 1092.074000 0.270000 108
96 0.5453011300 1092.074000 0.245000 98
97 0.5330624700 1092.074000 0.210000 84
98 0.5164821000 1092.074000 0.165000 66
99 0.5114413200 1092.074000 0.150000 60
100 0.5103571100 1092.074000 0.145000 58
101 0.5092453900 1092.074000 0.140000 56
102 0.5081061600 1092.074000 0.135000 54
103 0.5011008500 1092.074000 0.115000 46
104 0.4960050500 1092.074000 0.100000 40
105 0.4965552500 1092.074000 0.100000 40
106 0.4951959400 1092.074000 0.095000 38
107 0.4938091200 1092.074000 0.090000 36
108 0.4923947900 1092.074000 0.085000 34
109 0.4869138500 1092.074000 0.070000 28
110 0.4853894800 1092.074000 0.065000 26
111 0.4838376000 1092.074000 0.060000 24
112 0.4822582100 1092.074000 0.055000 22
113 0.4825608200 1092.074000 0.055000 22
114 0.4828634300 1092.074000 0.055000 22
115 0.4812565300 1092.074000 0.050000 20
116 0.4815316300 1092.074000 0.050000 20
117 0.4818067300 1092.074000 0.050000 20
118 0.4800622800 1092.074000 0.045000 18
119 0.4803098700 1092.074000 0.045000 18
120 0.4805574600 1092.074000 0.045000 18
121 0.4808050500 1092.074000 0.045000 18
122 0.4810526400 1092.074000 0.045000 18
123 0.4813002300 1092.074000 0.045000 18
124 0.4815478200 1092.074000 0.045000 18
125 0.4817954100 1092.074000 0.045000 18
126 0.4820430000 1092.074000 0.045000 18
127 0.4822905900 1092.074000 0.045000 18
128 0.4825381800 1092.074000 0.045000 18
129 0.4827857700 1092.074000 0.045000 18
130 0.4830333600 1092.074000 0.045000 18
131 0.4832809500 1092.074000 0.045000 18
132 0.4835285400 1092.074000 0.045000 18
133 0.4837761300 1092.074000 0.045000 18
134 0.4840237200 1092.074000 0.045000 18
135 0.4842713100 1092.074000 0.045000 18
136 0.4845189000 1092.074000 0.045000 18
137 0.4847664900 1092.074000 0.045000 18
138 0.4850140800 1092.074000 0.045000 18
139 0.4852616700 1092.074000 0.045000 18
140 0.4855092600 1092.074000 0.045000 18
141 0.4857568500 1092.074000 0.045000 18
142 0.4860044400 1092.074000 0.045000 18
143 0.4862520300 1092.074000 0.045000 18
144 0.4864996200 1092.074000 0.045000 18
145 0.4867472100 1092.074000 0.045000 18
146 0.4869948000 1092.074000 0.045000 18
147 0.4872423900 1092.074000 0.045000 18
148 0.4874899800 1092.074000 0.045000 18
149 0.4877375700 1092.074000 0.045000 18
150 0.4879851600 1092.074000 0.045000 18
151 0.4882327500 1092.074000 0.045000 18
152 0.4884803400 1092.074000 0.045000 18
153 0.4887279300 1092.074000 0.045000 18
154 0.4889755200 1092.074000 0.045000 18
155 0.4892231100 1092.074000 0.045000 18
156 0.4894707000 1092.074000 0.045000 18
157 0.4897182900 1092.074000 0.045000 18
158 0.4899658800 1092.074000 0.045000 18
159 0.4902134700 1092.074000 0.045000 18
160 0.4904610600 1092.074000 0.045000 18
161 0.4907086500 1092.074000 0.045000 18
162 0.4909562400 1092.074000 0.045000 18
163 0.4912038300 1092.074000 0.045000 18
164 0.4914514200 1092.074000 0.045000 18
165 0.4916990100 1092.074000 0.045000 18
166 0.4919466000 1092.074000 0.045000 18
167 0.4921941900 1092.074000 0.045000 18
168 0.4924417800 1092.074000 0.045000 18
169 0.4926893700 1092.074000 0.045000 18
170 0.4929369600 1092.074000 0.045000 18
171 0.4931845500 1092.074000 0.045000 18
172 0.4934321400 1092.074000 0.045000 18
173 0.4936797300 1092.074000 0.045000 18
174 0.4939273200 1092.074000 0.045000 18
175 0.4941749100 1092.074000 0.045000 18
176 0.4944225000 1092.074000 0.045000 18
177 0.4946700900 1092.074000 0.045000 18
178 0.4949176800 1092.074000 0.045000 18
179 0.4951652700 1092.074000 0.045000 18
180 0.4954128600 1092.074000 0.045000 18
181 0.4956604500 1092.074000 0.045000 18
182 0.4959080400 1092.074000 0.045000 18
183 0.4961556300 1092.074000 0.045000 18
184 0.4964032200 1092.074000 0.045000 18
185 0.4966508100 1092.074000 0.045000 18
186 0.4968984000 1092.074000 0.045000 18
187 0.4971459900 1092.074000 0.045000 18
188 0.4973935800 1092.074000 0.045000 18
189 0.4976411700 1092.074000 0.045000 18
190 0.4978887600 1092.074000 0.045000 18
191 0.4981363500 1092.074000 0.045000 18
192 0.4983839400 1092.074000 0.045000 18
193 0.4986315300 1092.074000 0.045000 18
194 0.4988791200 1092.074000 0.045000 18
195 0.4991267100 1092.074000 0.045000 18
196 0.4993743000 1092.074000 0.045000 18
197 0.4996218900 1092.074000 0.045000 18
198 0.4998694800 1092.074000 0.045000 18
199 0.5001170700 1092.074000 0.045000 18
200 0.5003646600 1092.074000 0.045000 18
201 0.5006122500 1092.074000 0.045000 18
202 0.5008598400 1092.074000 0.045000 18
203 0.5011074300 1092.074000 0.045000 18
204 0.5013550200 1092.074000 0.045000 18
205 0.5016026100 1092.074000 0.045000 18
206 0.5018502000 1092.074000 0.045000 18
207 0.5020977900 1092.074000 0.045000 18
208 0.5023453800 1092.074000 0.045000 18
209 0.5025929700 1092.074000 0.045000 18
210 0.5028405600 1092.074000 0.045000 18
211 0.5030881500 1092.074000 0.045000 18
212 0.5033357400 1092.074000 0.045000 18
213 0.5035833300 1092.074000 0.045000 18
214 0.5038309200 1092.074000 0.045000 18
215 0.5040785100 1092.074000 0.045000 18
216 0.5043261000 1092.074000 0.045000 18
217 0.5045736900 1092.074000 0.045000 18
218 0.5048212800 1092.074000 0.045000 18
219 0.5050688700 1092.074000 0.045000 18
220 0.5053164600 1092.074000 0.045000 18
221 0.5055640500 1092.074000 0.045000 18
222 0.5058116400 1092.074000 0.045000 18
223 0.5060592300 1092.074000 0.045000 18
224 0.5063068200 1092.074000 0.045000 18
225 0.5065544100 1092.074000 0.045000 18
226 0.5068020000 1092.074000 0.045000 18
227 0.5070495900 1092.074000 0.045000 18
228 0.5072971800 1092.074000 0.045000 18
229 0.5075447700 1092.074000 0.045000 18
230 0.5077923600 1092.074000 0.045000 18
231 0.5080399500 1092.074000 0.045000 18
232 0.5082875400 1092.074000 0.045000 18
233 0.5085351300 1092.074000 0.045000 18
234 0.5087827200 1092.074000 0.045000 18
235 0.5090303100 1092.074000 0.045000 18
236 0.5092779000 1092.074000 0.045000 18
237 0.5095254900 1092.074000 0.045000 18
238 0.5097730800 1092.074000 0.045000 18
239 0.5100206700 1092.074000 0.045000 18
240 0.5102682600 1092.074000 0.045000 18
241 0.5105158500 1092.074000 0.045000 18
242 0.5107634400 1092.074000 0.045000 18
243 0.5110110300 1092.074000 0.045000 18
244 0.5112586200 1092.074000 0.045000 18
245 0.5115062100 1092.074000 0.045000 18
246 0.5117538000 1092.074000 0.045000 18
247 0.5120013900 1092.074000 0.045000 18
248 0.5122489800 1092.074000 0.045000 18
249 0.5124965700 1092.074000 0.045000 18
250 0.5127441600 1092.074000 0.045000 18
251 0.5129917500 1092.074000 0.045000 18
252 0.5132393400 1092.074000 0.045000 18
253 0.5134869300 1092.074000 0.045000 18
254 0.5137345200 1092.074000 0.045000 18
255 0.5139821100 1092.074000 0.045000 18
256 0.5142297000 1092.074000 0.045000 18
257 0.5144772900 1092.074000 0.045000 18
258 0.5147248800 1092.074000 0.045000 18
259 0.5149724700 1092.074000 0.045000 18
260 0.5152200600 1092.074000 0.045000 18
261 0.5154676500 1092.074000 0.045000 18
262 0.5157152400 1092.074000 0.045000 18
263 0.5159628300 1092.074000 0.045000 18
264 0.5162104200 1092.074000 0.045000 18
265 0.5164580100 1092.074000 0.045000 18
266 0.5167056000 1092.074000 0.045000 18
267 0.5169531900 1092.074000 0.045000 18
268 0.5172007800 1092.074000 0.045000 18
269 0.5174483700 1092.074000 0.045000 18
270 0.5176959600 1092.074000 0.045000 18
271 0.5179435500 1092.074000 0.045000 18
272 0.5181911400 1092.074000 0.045000 18
273 0.5184387300 1092.074000 0.045000 18
274 0.5186863200 1092.074000 0.045000 18
275 0.5189339100 1092.074000 0.045000 18
276 0.5191815000 1092.074000 0.045000 18
277 0.5194290900 1092.074000 0.045000 18
278 0.5196766800 1092.074000 0.045000 18
279 0.5199242700 1092.074000 0.045000 18
280 0.5201718600 1092.074000 0.045000 18
281 0.5204194500 1092.074000 0.045000 18
282 0.5206670400 1092.074000 0.045000 18
283 0.5209146300 1092.074000 0.045000 18
284 0.5211622200 1092.074000 0.045000 18
285 0.5214098100 1092.074000 0.045000 18
286 0.5216574000 1092.074000 0.045000 18
287 0.5219049900 1092.074000 0.045000 18
288 0.5221525800 1092.074000 0.045000 18
289 0.5224001700 1092.074000 0.045000 18
290 0.5226477600 1092.074000 0.045000 18
291 0.5228953500 1092.074000 0.045000 18
292 0.5231429400 1092.074000 0.045000 18
293 0.5233905300 1092.074000 0.045000 18
294 0.5236381200 1092.074000 0.045000 18
295 0.5238857100 1092.074000 0.045000 18
296 0.5241333000 1092.074000 0.045000 18
297 0.5243808900 1092.074000 0.045000 18
298 0.5246284800 1092.074000 0.045000 18
299 0.5248760700 1092.074000 0.045000 18
300 0.5251236600 1092.074000 0.045000 18
301 0.5253712500 1092.074000 0.045000 18
302 0.5256188400 1092.074000 0.045000 18
303 0.5258664300 1092.074000 0.045000 18
304 0.5261140200 1092.074000 0.045000 18
305 0.5263616100 1092.074000 0.045000 18
306 0.5266092000 1092.074000 0.045000 18
307 0.5268567900 1092.074000 0.045000 18
308 0.5271043800 1092.074000 0.045000 18
309 0.5273519700 1092.074000 0.045000 18
310 0.5275995600 1092.074000 0.045000 18
311 0.5278471500 1092.074000 0.045000 18
312 0.5280947400 1092.074000 0.045000 18
313 0.5283423300 1092.074000 0.045000 18
314 0.5285899200 1092.074000 0.045000 18
315 0.5288375100 1092.074000 0.045000 18
316 0.5290851000 1092.074000 0.045000 18
317 0.5293326900 1092.074000 0.045000 18
318 0.5295802800 1092.074000 0.045000 18
319 0.5298278700 1092.074000 0.045000 18
320 0.5300754600 1092.074000 0.045000 18
321 0.5303230500 1092.074000 0.045000 18
322 0.5305706400 1092.074000 0.045000 18
323 0.5308182300 1092.074000 0.045000 18
324 0.5310658200 1092.074000 0.045000 18
325 0.5313134100 1092.074000 0.045000 18
326 0.5315610000 1092.074000 0.045000 18
327 0.5318085900 1092.074000 0.045000 18
328 0.5320561800 1092.074000 0.045000 18
329 0.5323037700 1092.074000 0.045000 18
330 0.5325513600 1092.074000 0.045000 18
331 0.5327989500 1092.074000 0.045000 18
332 0.5330465400 1092.074000 0.045000 18
333 0.5332941300 1092.074000 0.045000 18
334 0.5335417200 1092.074000 0.045000 18
335 0.5337893100 1092.074000 0.045000 18
336 0.5340369000 1092.074000 0.045000 18
337 0.5342844900 1092.074000 0.045000 18
338 0.5345320800 1092.074000 0.045000 18
339 0.5347796700 1092.074000 0.045000 18
340 0.5350272600 1092.074000 0.045000 18
341 0.5352748500 1092.074000 0.045000 18
342 0.5355224400 1092.074000 0.045000 18
343 0.5357700300 1092.074000 0.045000 18
344 0.5360176200 1092.074000 0.045000 18
345 0.5362652100 1092.074000 0.045000 18
346 0.5365128000 1092.074000 0.045000 18
347 0.5367603900 1092.074000 0.045000 18
348 0.5370079800 1092.074000 0.045000 18
349 0.5372555700 1092.074000 0.045000 18
350 0.5375031600 1092.074000 0.045000 18
351 0.5377507500 1092.074000 0.045000 18
352 0.5379983400 1092.074000 0.045000 18
353 0.5382459300 1092.074000 0.045000 18
354 0.5384935200 1092.074000 0.045000 18
355 0.5387411100 1092.074000 0.045000 18
356 0.5389887000 1092.074000 0.045000 18
357 0.5392362900 1092.074000 0.045000 18
358 0.5394838800 1092.074000 0.045000 18
359 0.5397314700 1092.074000 0.045000 18
360 0.5399790600 1092.074000 0.045000 18
361 0.5402266500 1092.074000 0.045000 18
362 0.5404742400 1092.074000 0.045000 18
363 0.5407218300 1092.074000 0.045000 18
364 0.5409694200 1092.074000 0.045000 18
365 0.5412170100 1092.074000 0.045000 18
366 0.5414646000 1092.074000 0.045000 18
367 0.5417121900 1092.074000 0.045000 18
368 0.5419597800 1092.074000 0.045000 18
369 0.5422073700 1092.074000 0.045000 18
370 0.5424549600 1092.074000 0.045000 18
371 0.5427025500 1092.074000 0.045000 18
372 0.5429501400 1092.074000 0.045000 18
373 0.5431977300 1092.074000 0.045000 18
374 0.5434453200 1092.074000 0.045000 18
375 0.5436929100 1092.074000 0.045000 18
376 0.5439405000 1092.074000 0.045000 18
377 0.5441880900 1092.074000 0.045000 18
378 0.5444356800 1092.074000 0.045000 18
379 0.5446832700 1092.074000 0.045000 18
380 0.5449308600 1092.074000 0.045000 18
381 0.5451784500 1092.074000 0.045000 18
382 0.5454260400 1092.074000 0.045000 18
383 0.5456736300 1092.074000 0.045000 18
384 0.5459212200 1092.074000 0.045000 18
385 0.5461688100 1092.074000 0.045000 18
386 0.5464164000 1092.074000 0.045000 18
387 0.5466639900 1092.074000 0.045000 18
388 0.5469115800 1092.074000 0.045000 18
389 0.5471591700 1092.074000 0.045000 18
390 0.5474067600 1092.074000 0.045000 18
391 0.5476543500 1092.074000 0.045000 18
392 0.5479019400 1092.074000 0.045000 18
393 0.5481495300 1092.074000 0.045000 18
394 0.5483971200 1092.074000 0.045000 18
395 0.5486447100 1092.074000 0.045000 18
396 0.5488923000 1092.074000 0.045000 18
397 0.5491398900 1092.074000 0.045000 18
398 0.5493874800 1092.074000 0.045000 18
399 0.5496350700 1092.074000 0.045000 18
400 0.5498826600 1092.074000 0.045000 18
401 0.5501302500 1092.074000 0.045000 18
402 0.5503778400 1092.074000 0.045000 18
403 0.5506254300 1092.074000 0.045000 18
404 0.5508730200 1092.074000 0.045000 18
405 0.5511206100 1092.074000 0.045000 18
406 0.5513682000 1092.074000 0.045000 18
407 0.5516157900 1092.074000 0.045000 18
408 0.5518633800 1092.074000 0.045000 18
409 0.5521109700 1092.074000 0.045000 18
410 0.5523585600 1092.074000 0.045000 18
411 0.5526061500 1092.074000 0.045000 18
412 0.5528537400 1092.074000 0.045000 18
413 0.5531013300 1092.074000 0.045000 18
414 0.5533489200 1092.074000 0.045000 18
415 0.5535965100 1092.074000 0.045000 18
416 0.5538441000 1092.074000 0.045000 18
417 0.5540916900 1092.074000 0.045000 18
418 0.5543392800 1092.074000 0.045000 18
419 0.5545868700 1092.074000 0.045000 18
420 0.5548344600 1092.074000 0.045000 18
421 0.5550820500 1092.074000 0.045000 18
422 0.5553296400 1092.074000 0.045000 18
423 0.5555772300 1092.074000 0.045000 18
424 0.5558248200 1092.074000 0.045000 18
425 0.5560724100 1092.074000 0.045000 18
426 0.5563200000 1092.074000 0.045000 18
427 0.5565675900 1092.074000 0.045000 18
428 0.5568151800 1092.074000 0.045000 18
429 0.5570627700 1092.074000 0.045000 18
430 0.5573103600 1092.074000 0.045000 18
431 0.5575579500 1092.074000 0.045000 18
432 0.5578055400 1092.074000 0.045000 18
433 0.5580531300 1092.074000 0.045000 18
434 0.5583007200 1092.074000 0.045000 18
435 0.5585483100 1092.074000 0.045000 18
436 0.5587959000 1092.074000 0.045000 18
437 0.5590434900 1092.074000 0.045000 18
438 0.5592910800 1092.074000 0.045000 18
439 0.5595386700 1092.074000 0.045000 18
440 0.5597862600 1092.074000 0.045000 18
441 0.5600338500 1092.074000 0.045000 18
442 0.5602814400 1092.074000 0.045000 18
443 0.5605290300 1092.074000 0.045000 18
444 0.5607766200 1092.074000 0.045000 18
445 0.5610242100 1092.074000 0.045000 18
446 0.5612718000 1092.074000 0.045000 18
447 0.5615193900 1092.074000 0.045000 18
448 0.5617669800 1092.074000 0.045000 18
449 0.5620145700 1092.074000 0.045000 18
450 0.5622621600 1092.074000 0.045000 18
451 0.5625097500 1092.074000 0.045000 18
452 0.5627573400 1092.074000 0.045000 18
453 0.5630049300 1092.074000 0.045000 18
454 0.5632525200 1092.074000 0.045000 18
455 0.5635001100 1092.074000 0.045000 18
456 0.5637477000 1092.074000 0.045000 18
457 0.5639952900 1092.074000 0.045000 18
458 0.5642428800 1092.074000 0.045000 18
459 0.5644904700 1092.074000 0.045000 18
460 0.5647380600 1092.074000 0.045000 18
461 0.5649856500 1092.074000 0.045000 18
462 0.5652332400 1092.074000 0.045000 18
463 0.5654808300 1092.074000 0.045000 18
464 0.5657284200 1092.074000 0.045000 18
465 0.5659760100 1092.074000 0.045000 18
466 0.5662236000 1092.074000 0.045000 18
467 0.5664711900 1092.074000 0.045000 18
468 0.5667187800 1092.074000 0.045000 18
469 0.5669663700 1092.074000 0.045000 18
470 0.5672139600 1092.074000 0.045000 18
471 0.5674615500 1092.074000 0.045000 18
472 0.5677091400 1092.074000 0.045000 18
473 0.5679567300 1092.074000 0.045000 18
474 0.5682043200 1092.074000 0.045000 18
475 0.5684519100 1092.074000 0.045000 18
476 0.5686995000 1092.074000 0.045000 18
477 0.5689470900 1092.074000 0.045000 18
478 0.5691946800 1092.074000 0.045000 18
479 0.5694422700 1092.074000 0.045000 18
480 0.5696898600 1092.074000 0.045000 18
481 0.5699374500 1092.074000 0.045000 18
482 0.5701850400 1092.074000 0.045000 18
483 0.5704326300 1092.074000 0.045000 18
484 0.5706802200 1092.074000 0.045000 18
485 0.5709278100 1092.074000 0.045000 18
486 0.5711754000 1092.074000 0.045000 18
487 0.5714229900 1092.074000 0.045000 18
488 0.5716705800 1092.074000 0.045000 18
489 0.5719181700 1092.074000 0.045000 18
490 0.5721657600 1092.074000 0.045000 18
491 0.5724133500 1092.074000 0.045000 18
492 0.5726609400 1092.074000 0.045000 18
493 0.5729085300 1092.074000 0.045000 18
494 0.5731561200 1092.074000 0.045000 18
495 0.5734037100 1092.074000 0.045000 18
496 0.5736513000 1092.074000 0.045000 18
497 0.5738988900 1092.074000 0.045000 18
498 0.5741464800 1092.074000 0.045000 18
499 0.5743940700 1092.074000 0.045000 18
500 0.5746416600 1092.074000 0.045000 18
501 0.5748892500 1092.074000 0.045000 18
502 0.5751368400 1092.074000 0.045000 18
503 0.5753844300 1092.074000 0.045000 18
504 0.5756320200 1092.074000 0.045000 18
505 0.5758796100 1092.074000 0.045000 18
506 0.5761272000 1092.074000 0.045000 18
507 0.5763747900 1092.074000 0.045000 18
508 0.5766223800 1092.074000 0.045000 18
509 0.5768699700 1092.074000 0.045000 18
510 0.5771175600 1092.074000 0.045000 18
511 0.5773651500 1092.074000 0.045000 18
512 0.5776127400 1092.074000 0.045000 18
513 0.5778603300 1092.074000 0.045000 18
514 0.5781079200 1092.074000 0.045000 18
515 0.5783555100 1092.074000 0.045000 18
516 0.5786031000 1092.074000 0.045000 18
517 0.5788506900 1092.074000 0.045000 18
518 0.5790982800 1092.074000 0.045000 18
519 0.5793458700 1092.074000 0.045000 18
520 0.5795934600 1092.074000 0.045000 18
521 0.5798410500 1092.074000 0.045000 18
522 0.5800886400 1092.074000 0.045000 18
523 0.5803362300 1092.074000 0.045000 18
524 0.5805838200 1092.074000 0.045000 18
525 0.5808314100 1092.074000 0.045000 18
526 0.5810790000 1092.074000 0.045000 18
527 0.5813265900 1092.074000 0.045000 18
528 0.5815741800 1092.074000 0.045000 18
529 0.5818217700 1092.074000 0.045000 18
530 0.5820693600 1092.074000 0.045000 18
531 0.5823169500 1092.074000 0.045000 18
532 0.5825645400 1092.074000 0.045000 18
533 0.5828121300 1092.074000 0.045000 18
534 0.5830597200 1092.074000 0.045000 18
535 0.5833073100 1092.074000 0.045000 18
536 0.5835549000 1092.074000 0.045000 18
537 0.5838024900 1092.074000 0.045000 18
538 0.5840500800 1092.074000 0.045000 18
539 0.5842976700 1092.074000 0.045000 18
540 0.5845452600 1092.074000 0.045000 18
541 0.5847928500 1092.074000 0.045000 18
542 0.5850404400 1092.074000 0.045000 18
543 0.5852880300 1092.074000 0.045000 18
544 0.5855356200 1092.074000 0.045000 18
545 0.5857832100 1092.074000 0.045000 18
546 0.5860308000 1092.074000 0.045000 18
547 0.5862783900 1092.074000 0.045000 18
548 0.5865259800 1092.074000 0.045000 18
549 0.5867735700 1092.074000 0.045000 18
550 0.5870211600 1092.074000 0.045000 18
551 0.5872687500 1092.074000 0.045000 18
552 0.5875163400 1092.074000 0.045000 18
553 0.5877639300 1092.074000 0.045000 18
554 0.5880115200 1092.074000 0.045000 18
555 0.5882591100 1092.074000 0.045000 18
556 0.5885067000 1092.074000 0.045000 18
557 0.5887542900 1092.074000 0.045000 18
558 0.5890018800 1092.074000 0.045000 18
559 0.5892494700 1092.074000 0.045000 18
560 0.5894970600 1092.074000 0.045000 18
561 0.5897446500 1092.074000 0.045000 18
562 0.5899922400 1092.074000 0.045000 18
563 0.5902398300 1092.074000 0.045000 18
564 0.5904874200 1092.074000 0.045000 18
565 0.5907350100 1092.074000 0.045000 18
566 0.5909826000 1092.074000 0.045000 18
567 0.5912301900 1092.074000 0.045000 18
568 0.5914777800 1092.074000 0.045000 18
569 0.5917253700 1092.074000 0.045000 18
570 0.5919729600 1092.074000 0.045000 18
571 0.5922205500 1092.074000 0.045000 18
572 0.5924681400 1092.074000 0.045000 18
573 0.5927157300 1092.074000 0.045000 18
574 0.5929633200 1092.074000 0.045000 18
575 0.5932109100 1092.074000 0.045000 18
576 0.5934585000 1092.074000 0.045000 18
577 0.5937060900 1092.074000 0.045000 18
578 0.5939536800 1092.074000 0.045000 18
579 0.5942012700 1092.074000 0.045000 18
580 0.5944488600 1092.074000 0.045000 18
581 0.5946964500 1092.074000 0.045000 18
582 0.5949440400 1092.074000 0.045000 18
583 0.5951916300 1092.074000 0.045000 18
584 0.5954392200 1092.074000 0.045000 18
585 0.5956868100 1092.074000 0.045000 18
586 0.5959344000 1092.074000 0.045000 18
587 0.5961819900 1092.074000 0.045000 18
588 0.5964295800 1092.074000 0.045000 18
589 0.5966771700 1092.074000 0.045000 18
590 0.5969247600 1092.074000 0.045000 18
591 0.5971723500 1092.074000 0.045000 18
592 0.5974199400 1092.074000 0.045000 18
593 0.5976675300 1092.074000 0.045000 18
594 0.5979151200 1092.074000 0.045000 18
595 0.5981627100 1092.074000 0.045000 18
596 0.5984103000 1092.074000 0.045000 18
597 0.5986578900 1092.074000 0.045000 18
598 0.5989054800 1092.074000 0.045000 18
599 0.5991530700 1092.074000 0.045000 18
600 0.5994006600 1092.074000 0.045000 18
601 0.5996482500 1092.074000 0.045000 18
602 0.5998958400 1092.074000 0.045000 18
603 0.6001434300 1092.074000 0.045000 18
604 0.6003910200 1092.074000 0.045000 18
605 0.6006386100 1092.074000 0.045000 18
606 0.6008862000 1092.074000 0.045000 18
607 0.6011337900 1092.074000 0.045000 18
608 0.6013813800 1092.074000 0.045000 18
609 0.6016289700 1092.074000 0.045000 18
610 0.6018765600 1092.074000 0.045000 18
611 0.6021241500 1092.074000 0.045000 18
612 0.6023717400 1092.074000 0.045000 18
613 0.6026193300 1092.074000 0.045000 18
614 0.6028669200 1092.074000 0.045000 18
615 0.6031145100 1092.074000 0.045000 18
616 0.6033621000 1092.074000 0.045000 18
617 0.6036096900 1092.074000 0.045000 18
618 0.6038572800 1092.074000 0.045000 18
619 0.6041048700 1092.074000 0.045000 18
620 0.6043524600 1092.074000 0.045000 18
621 0.6046000500 1092.074000 0.045000 18
622 0.6048476400 1092.074000 0.045000 18
623 0.6050952300 1092.074000 0.045000 18
624 0.6053428200 1092.074000 0.045000 18
625 0.6055904100 1092.074000 0.045000 18
626 0.6058380000 1092.074000 0.045000 18
627 0.6060855900 1092.074000 0.045000 18
628 0.6063331800 1092.074000 0.045000 18
629 0.6065807700 1092.074000 0.045000 18
630 0.6068283600 1092.074000 0.045000 18
631 0.6070759500 1092.074000 0.045000 18
632 0.6073235400 1092.074000 0.045000 18
633 0.6075711300 1092.074000 0.045000 18
634 0.6078187200 1092.074000 0.045000 18
635 0.6080663100 1092.074000 0.045000 18
636 0.6083139000 1092.074000 0.045000 18
637 0.6085614900 1092.074000 0.045000 18
638 0.6088090800 1092.074000 0.045000 18
639 0.6090566700 1092.074000 0.045000 18
640 0.6093042600 1092.074000 0.045000 18
641 0.6095518500 1092.074000 0.045000 18
642 0.6097994400 1092.074000 0.045000 18
643 0.6100470300 1092.074000 0.045000 18
644 0.6102946200 1092.074000 0.045000 18
645 0.6105422100 1092.074000 0.045000 18
646 0.6107898000 1092.074000 0.045000 18
647 0.6110373900 1092.074000 0.045000 18
648 0.6112849800 1092.074000 0.045000 18
649 0.6115325700 1092.074000 0.045000 18
650 0.6117801600 1092.074000 0.045000 18
651 0.6120277500 1092.074000 0.045000 18
652 0.6122753400 1092.074000 0.045000 18
653 0.6125229300 1092.074000 0.045000 18
654 0.6127705200 1092.074000 0.045000 18
655 0.6130181100 1092.074000 0.045000 18
656 0.6132657000 1092.074000 0.045000 18
657 0.6135132900 1092.074000 0.045000 18
658 0.6137608800 1092.074000 0.045000 18
659 0.6140084700 1092.074000 0.045000 18
660 0.6142560600 1092.074000 0.045000 18
661 0.6145036500 1092.074000 0.045000 18
662 0.6147512400 1092.074000 0.045000 18
663 0.6149988300 1092.074000 0.045000 18
664 0.6152464200 1092.074000 0.045000 18
665 0.6154940100 1092.074000 0.045000 18
666 0.6157416000 1092.074000 0.045000 18
667 0.6159891900 1092.074000 0.045000 18
668 0.6162367800 1092.074000 0.045000 18
669 0.6164843700 1092.074000 0.045000 18
670 0.6167319600 1092.074000 0.045000 18
671 0.6169795500 1092.074000 0.045000 18
672 0.6172271400 1092.074000 0.045000 18
673 0.6174747300 1092.074000 0.045000 18
674 0.6177223200 1092.074000 0.045000 18
675 0.6179699100 1092.074000 0.045000 18
676 0.6182175000 1092.074000 0.045000 18
677 0.6184650900 1092.074000 0.045000 18
678 0.6187126800 1092.074000 0.045000 18
679 0.6189602700 1092.074000 0.045000 18
680 0.6192078600 1092.074000 0.045000 18
681 0.6194554500 1092.074000 0.045000 18
682 0.6197030400 1092.074000 0.045000 18
683 0.6199506300 1092.074000 0.045000 18
684 0.6201982200 1092.074000 0.045000 18
685 0.6204458100 1092.074000 0.045000 18
686 0.6206934000 1092.074000 0.045000 18
687 0.6209409900 1092.074000 0.045000 18
688 0.6211885800 1092.074000 0.045000 18
689 0.6214361700 1092.074000 0.045000 18
690 0.6216837600 1092.074000 0.045000 18
691 0.6219313500 1092.074000 0.045000 18
692 0.6221789400 1092.074000 0.045000 18
693 0.6224265300 1092.074000 0.045000 18
694 0.6226741200 1092.074000 0.045000 18
695 0.6229217100 1092.074000 0.045000 18
696 0.6231693000 1092.074000 0.045000 18
697 0.6234168900 1092.074000 0.045000 18
698 0.6236644800 1092.074000 0.045000 18
699 0.6239120700 1092.074000 0.045000 18
700 0.6241596600 1092.074000 0.045000 18
701 0.6244072500 1092.074000 0.045000 18
702 0.6246548400 1092.074000 0.045000 18
703 0.6249024300 1092.074000 0.045000 18
704 0.6251500200 1092.074000 0.045000 18
705 0.6253976100 1092.074000 0.045000 18
706 0.6256452000 1092.074000 0.045000 18
707 0.6258927900 1092.074000 0.045000 18
708 0.6261403800 1092.074000 0.045000 18
709 0.6263879700 1092.074000 0.045000 18
710 0.6266355600 1092.074000 0.045000 18
711 0.6268831500 1092.074000 0.045000 18
712 0.6271307400 1092.074000 0.045000 18
713 0.6273783300 1092.074000 0.045000 18
714 0.6276259200 1092.074000 0.045000 18
715 0.6278735100 1092.074000 0.045000 18
716 0.6281211000 1092.074000 0.045000 18
717 0.6283686900 1092.074000 0.045000 18
718 0.6286162800 1092.074000 0.045000 18
719 0.6288638700 1092.074000 0.045000 18
720 0.6291114600 1092.074000 0.045000 18
721 0.6293590500 1092.074000 0.045000 18
722 0.6296066400 1092.074000 0.045000 18
723 0.6298542300 1092.074000 0.045000 18
724 0.6301018200 1092.074000 0.045000 18
725 0.6303494100 1092.074000 0.045000 18
726 0.6305970000 1092.074000 0.045000 18
727 0.6308445900 1092.074000 0.045000 18
728 0.6310921800 1092.074000 0.045000 18
729 0.6313397700 1092.074000 0.045000 18
730 0.6315873600 1092.074000 0.045000 18
731 0.6318349500 1092.074000 0.045000 18
732 0.6320825400 1092.074000 0.045000 18
733 0.6323301300 1092.074000 0.045000 18
734 0.6325777200 1092.074000 0.045000 18
735 0.6328253100 1092.074000 0.045000 18
736 0.6330729000 1092.074000 0.045000 18
737 0.6333204900 1092.074000 0.045000 18
738 0.6335680800 1092.074000 0.045000 18
739 0.6338156700 1092.074000 0.045000 18
740 0.6340632600 1092.074000 0.045000 18
741 0.6343108500 1092.074000 0.045000 18
742 0.6345584400 1092.074000 0.045000 18
743 0.6348060300 1092.074000 0.045000 18
744 0.6350536200 1092.074000 0.045000 18
745 0.6353012100 1092.074000 0.045000 18
746 0.6355488000 1092.074000 0.045000 18
747 0.6357963900 1092.074000 0.045000 18
748 0.6360439800 1092.074000 0.045000 18
749 0.6362915700 1092.074000 0.045000 18
750 0.6365391600 1092.074000 0.045000 18
751 0.6367867500 1092.074000 0.045000 18
752 0.6370343400 1092.074000 0.045000 18
753 0.6372819300 1092.074000 0.045000 18
754 0.6375295200 1092.074000 0.045000 18
755 0.6377771100 1092.074000 0.045000 18
756 0.6380247000 1092.074000 0.045000 18
757 0.6382722900 1092.074000 0.045000 18
758 0.6385198800 1092.074000 0.045000 18
759 0.6387674700 1092.074000 0.045000 18
760 0.6390150600 1092.074000 0.045000 18
761 0.6392626500 1092.074000 0.045000 18
762 0.6395102400 1092.074000 0.045000 18
763 0.6397578300 1092.074000 0.045000 18
764 0.6400054200 1092.074000 0.045000 18
765 0.6402530100 1092.074000 0.045000 18
766 0.6405006000 1092.074000 0.045000 18
767 0.6407481900 1092.074000 0.045000 18
768 0.6409957800 1092.074000 0.045000 18
769 0.6412433700 1092.074000 0.045000 18
770 0.6414909600 1092.074000 0.045000 18
771 0.6417385500 1092.074000 0.045000 18
772 0.6419861400 1092.074000 0.045000 18
773 0.6422337300 1092.074000 0.045000 18
774 0.6424813200 1092.074000 0.045000 18
775 0.6427289100 1092.074000 0.045000 18
776 0.6429765000 1092.074000 0.045000 18
777 0.6432240900 1092.074000 0.045000 18
778 0.6434716800 1092.074000 0.045000 18
779 0.6437192700 1092.074000 0.045000 18
780 0.6439668600 1092.074000 0.045000 18
781 0.6442144500 1092.074000 0.045000 18
782 0.6444620400 1092.074000 0.045000 18
783 0.6447096300 1092.074000 0.045000 18
784 0.6449572200 1092.074000 0.045000 18
785 0.6452048100 1092.074000 0.045000 18
786 0.6454524000 1092.074000 0.045000 18
787 0.6456999900 1092.074000 0.045000 18
788 0.6459475800 1092.074000 0.045000 18
789 0.6461951700 1092.074000 0.045000 18
790 0.6464427600 1092.074000 0.045000 18
791 0.6466903500 1092.074000 0.045000 18
792 0.6469379400 1092.074000 0.045000 18
793 0.6471855300 1092.074000 0.045000 18
794 0.6474331200 1092.074000 0.045000 18
795 0.6476807100 1092.074000 0.045000 18
796 0.6479283000 1092.074000 0.045000 18
797 0.6481758900 1092.074000 0.045000 18
798 0.6484234800 1092.074000 0.045000 18
799 0.6486710700 1092.074000 0.045000 18
800 0.6489186600 1092.074000 0.045000 18
801 0.6491662500 1092.074000 0.045000 18
802 0.6494138400 1092.074000 0.045000 18
803 0.6496614300 1092.074000 0.045000 18
804 0.6499090200 1092.074000 0.045000 18
805 0.6501566100 1092.074000 0.045000 18
806 0.6504042000 1092.074000 0.045000 18
807 0.6506517900 1092.074000 0.045000 18
808 0.6508993800 1092.074000 0.045000 18
809 0.6511469700 1092.074000 0.045000 18
810 0.6513945600 1092.074000 0.045000 18
811 0.6516421500 1092.074000 0.045000 18
812 0.6518897400 1092.074000 0.045000 18
813 0.6521373300 1092.074000 0.045000 18
814 0.6523849200 1092.074000 0.045000 18
815 0.6526325100 1092.074000 0.045000 18
816 0.6528801000 1092.074000 0.045000 18
817 0.6531276900 1092.074000 0.045000 18
818 0.6533752800 1092.074000 0.045000 18
819 0.6536228700 1092.074000 0.045000 18
820 0.6538704600 1092.074000 0.045000 18
821 0.6541180500 1092.074000 0.045000 18
822 0.6543656400 1092.074000 0.045000 18
823 0.6546132300 1092.074000 0.045000 18
824 0.6548608200 1092.074000 0.045000 18
825 0.6551084100 1092.074000 0.045000 18
826 0.6553560000 1092.074000 0.045000 18
827 0.6556035900 1092.074000 0.045000 18
828 0.6558511800 1092.074000 0.045000 18
829 0.6560987700 1092.074000 0.045000 18
830 0.6563463600 1092.074000 0.045000 18
831 0.6565939500 1092.074000 0.045000 18
832 0.6568415400 1092.074000 0.045000 18
833 0.6570891300 1092.074000 0.045000 18
834 0.6573367200 1092.074000 0.045000 18
835 0.6575843100 1092.074000 0.045000 18
836 0.6578319000 1092.074000 0.045000 18
837 0.6580794900 1092.074000 0.045000 18
838 0.6583270800 1092.074000 0.045000 18
839 0.6585746700 1092.074000 0.045000 18
840 0.6588222600 1092.074000 0.045000 18
841 0.6590698500 1092.074000 0.045000 18
842 0.6593174400 1092.074000 0.045000 18
843 0.6595650300 1092.074000 0.045000 18
844 0.6598126200 1092.074000 0.045000 18
845 0.6600602100 1092.074000 0.045000 18
846 0.6603078000 1092.074000 0.045000 18
847 0.6605553900 1092.074000 0.045000 18
848 0.6608029800 1092.074000 0.045000 18
849 0.6610505700 1092.074000 0.045000 18
850 0.6612981600 1092.074000 0.045000 18
851 0.6615457500 1092.074000 0.045000 18
852 0.6617933400 1092.074000 0.045000 18
853 0.6620409300 1092.074000 0.045000 18
854 0.6622885200 1092.074000 0.045000 18
855 0.6625361100 1092.074000 0.045000 18
856 0.6627837000 1092.074000 0.045000 18
857 0.6630312900 1092.074000 0.045000 18
858 0.6632788800 1092.074000 0.045000 18
859 0.6635264700 1092.074000 0.045000 18
860 0.6637740600 1092.074000 0.045000 18
861 0.6640216500 1092.074000 0.045000 18
862 0.6642692400 1092.074000 0.045000 18
863 0.6645168300 1092.074000 0.045000 18
864 0.6647644200 1092.074000 0.045000 18
865 0.6650120100 1092.074000 0.045000 18
866 0.6652596000 1092.074000 0.045000 18
867 0.6655071900 1092.074000 0.045000 18
868 0.6657547800 1092.074000 0.045000 18
869 0.6660023700 1092.074000 0.045000 18
870 0.6662499600 1092.074000 0.045000 18
871 0.6664975500 1092.074000 0.045000 18
872 0.6667451400 1092.074000 0.045000 18
873 0.6669927300 1092.074000 0.045000 18
874 0.6672403200 1092.074000 0.045000 18
875 0.6674879100 1092.074000 0.045000 18
876 0.6677355000 1092.074000 0.045000 18
877 0.6679830900 1092.074000 0.045000 18
878 0.6682306800 1092.074000 0.045000 18
879 0.6684782700 1092.074000 0.045000 18
880 0.6687258600 1092.074000 0.045000 18
881 0.6689734500 1092.074000 0.045000 18
882 0.6692210400 1092.074000 0.045000 18
883 0.6694686300 1092.074000 0.045000 18
884 0.6697162200 1092.074000 0.045000 18
885 0.6699638100 1092.074000 0.045000 18
886 0.6702114000 1092.074000 0.045000 18
887 0.6704589900 1092.074000 0.045000 18
888 0.6707065800 1092.074000 0.045000 18
889 0.6709541700 1092.074000 0.045000 18
890 0.6712017600 1092.074000 0.045000 18
891 0.6714493500 1092.074000 0.045000 18
892 0.6716969400 1092.074000 0.045000 18
893 0.6719445300 1092.074000 0.045000 18
894 0.6721921200 1092.074000 0.045000 18
895 0.6724397100 1092.074000 0.045000 18
896 0.6726873000 1092.074000 0.045000 18
897 0.6729348900 1092.074000 0.045000 18
898 0.6731824800 1092.074000 0.045000 18
899 0.6734300700 1092.074000 0.045000 18
900 0.6736776600 1092.074000 0.045000 18
901 0.6739252500 1092.074000 0.045000 18
902 0.6741728400 1092.074000 0.045000 18
903 0.6744204300 1092.074000 0.045000 18
904 0.6746680200 1092.074000 0.045000 18
905 0.6749156100 1092.074000 0.045000 18
906 0.6751632000 1092.074000 0.045000 18
907 0.6754107900 1092.074000 0.045000 18
908 0.6756583800 1092.074000 0.045000 18
909 0.6759059700 1092.074000 0.045000 18
910 0.6761535600 1092.074000 0.045000 18
911 0.6764011500 1092.074000 0.045000 18
912 0.6766487400 1092.074000 0.045000 18
913 0.6768963300 1092.074000 0.045000 18
914 0.6771439200 1092.074000 0.045000 18
915 0.6773915100 1092.074000 0.045000 18
916 0.6776391000 1092.074000 0.045000 18
917 0.6778866900 1092.074000 0.045000 18
918 0.6781342800 1092.074000 0.045000 18
919 0.6783818700 1092.074000 0.045000 18
920 0.6786294600 1092.074000 0.045000 18
921 0.6788770500 1092.074000 0.045000 18
922 0.6791246400 1092.074000 0.045000 18
923 0.6793722300 1092.074000 0.045000 18
924 0.6796198200 1092.074000 0.045000 18
925 0.6798674100 1092.074000 0.045000 18
926 0.6801150000 1092.074000 0.045000 18
927 0.6803625900 1092.074000 0.045000 18
928 0.6806101800 1092.074000 0.045000 18
929 0.6808577700 1092.074000 0.045000 18
930 0.6811053600 1092.074000 0.045000 18
931 0.6813529500 1092.074000 0.045000 18
932 0.6816005400 1092.074000 0.045000 18
933 0.6818481300 1092.074000 0.045000 18
934 0.6820957200 1092.074000 0.045000 18
935 0.6823433100 1092.074000 0.045000 18
936 0.6825909000 1092.074000 0.045000 18
937 0.6828384900 1092.074000 0.045000 18
938 0.6830860800 1092.074000 0.045000 18
939 0.6833336700 1092.074000 0.045000 18
940 0.6835812600 1092.074000 0.045000 18
941 0.6838288500 1092.074000 0.045000 18
942 0.6840764400 1092.074000 0.045000 18
943 0.6843240300 1092.074000 0.045000 18
944 0.6845716200 1092.074000 0.045000 18
945 0.6848192100 1092.074000 0.045000 18
946 0.6850668000 1092.074000 0.045000 18
947 0.6853143900 1092.074000 0.045000 18
948 0.6855619800 1092.074000 0.045000 18
949 0.6858095700 1092.074000 0.045000 18
950 0.6860571600 1092.074000 0.045000 18
951 0.6863047500 1092.074000 0.045000 18
952 0.6865523400 1092.074000 0.045000 18
953 0.6867999300 1092.074000 0.045000 18
954 0.6870475200 1092.074000 0.045000 18
955 0.6872951100 1092.074000 0.045000 18
956 0.6875427000 1092.074000 0.045000 18
957 0.6877902900 1092.074000 0.045000 18
958 0.6880378800 1092.074000 0.045000 18
959 0.6882854700 1092.074000 0.045000 18
960 0.6885330600 1092.074000 0.045000 18
961 0.6887806500 1092.074000 0.045000 18
962 0.6890282400 1092.074000 0.045000 18
963 0.6892758300 1092.074000 0.045000 18
964 0.6895234200 1092.074000 0.045000 18
965 0.6897710100 1092.074000 0.045000 18
966 0.6900186000 1092.074000 0.045000 18
967 0.6902661900 1092.074000 0.045000 18
968 0.6905137800 1092.074000 0.045000 18
969 0.6907613700 1092.074000 0.045000 18
970 0.6910089600 1092.074000 0.045000 18
971 0.6912565500 1092.074000 0.045000 18
972 0.6915041400 1092.074000 0.045000 18
973 0.6917517300 1092.074000 0.045000 18
974 0.6919993200 1092.074000 0.045000 18
975 0.6922469100 1092.074000 0.045000 18
976 0.6924945000 1092.074000 0.045000 18
977 0.6927420900 1092.074000 0.045000 18
978 0.6929896800 1092.074000 0.045000 18
979 0.6932372700 1092.074000 0.045000 18
980 0.6934848600 1092.074000 0.045000 18
981 0.6937324500 1092.074000 0.045000 18
982 0.6939800400 1092.074000 0.045000 18
983 0.6942276300 1092.074000 0.045000 18
984 0.6944752200 1092.074000 0.045000 18
985 0.6947228100 1092.074000 0.045000 18
986 0.6949704000 1092.074000 0.045000 18
987 0.6952179900 1092.074000 0.045000 18
988 0.6954655800 1092.074000 0.045000 18
989 0.6957131700 1092.074000 0.045000 18
990 0.6959607600 1092.074000 0.045000 18
991 0.6962083500 1092.074000 0.045000 18
992 0.6964559400 1092.074000 0.045000 18
993 0.6967035300 1092.074000 0.045000 18
994 0.6969511200 1092.074000 0.045000 18
995 0.6971987100 1092.074000 0.045000 18
996 0.6974463000 1092.074000 0.045000 18
997 0.6976938900 1092.074000 0.045000 18
998 0.6979414800 1092.074000 0.045000 18
999 0.6981890700 1092.074000 0.045000 18
1000 0.6984366600 1092.074000 0.045000 18
