timeout energy time overhead #transitions
0 0.6976604100 1082.580600 0.063600 159
1 0.6996766300 1082.580200 0.053200 133
2 0.7014051200 1082.580600 0.047600 119
3 0.7025847800 1082.580400 0.028400 71
4 0.7033101300 1082.580200 0.007200 18
5 0.7035534000 1082.580200 0.007200 18
6 0.7037966700 1082.580200 0.007200 18
7 0.7040399400 1082.580200 0.007200 18
8 0.7042832100 1082.580200 0.007200 18
9 0.7045264800 1082.580200 0.007200 18
10 0.7047697500 1082.580200 0.007200 18
11 0.7050130200 1082.580200 0.007200 18
12 0.7052562900 1082.580200 0.007200 18
13 0.7054995600 1082.580200 0.007200 18
14 0.7057428300 1082.580200 0.007200 18
15 0.7059861000 1082.580200 0.007200 18
16 0.7062293700 1082.580200 0.007200 18
17 0.7064726400 1082.580200 0.007200 18
18 0.7067159100 1082.580200 0.007200 18
19 0.7069591800 1082.580200 0.007200 18
20 0.7072024500 1082.580200 0.007200 18
21 0.7074457200 1082.580200 0.007200 18
22 0.7076889900 1082.580200 0.007200 18
23 0.7079322600 1082.580200 0.007200 18
24 0.7081755300 1082.580200 0.007200 18
25 0.7084188000 1082.580200 0.007200 18
26 0.7086620700 1082.580200 0.007200 18
27 0.7089053400 1082.580200 0.007200 18
28 0.7091486100 1082.580200 0.007200 18
29 0.7093918800 1082.580200 0.007200 18
30 0.7096351500 1082.580200 0.007200 18
31 0.7098784200 1082.580200 0.007200 18
32 0.7101216900 1082.580200 0.007200 18
33 0.7103649600 1082.580200 0.007200 18
34 0.7106082300 1082.580200 0.007200 18
35 0.7108515000 1082.580200 0.007200 18
36 0.7110947700 1082.580200 0.007200 18
37 0.7113380400 1082.580200 0.007200 18
38 0.7115813100 1082.580200 0.007200 18
39 0.7118245800 1082.580200 0.007200 18
40 0.7120678500 1082.580200 0.007200 18
41 0.7123111200 1082.580200 0.007200 18
42 0.7125543900 1082.580200 0.007200 18
43 0.7127976600 1082.580200 0.007200 18
44 0.7130409300 1082.580200 0.007200 18
45 0.7132842000 1082.580200 0.007200 18
46 0.7135274700 1082.580200 0.007200 18
47 0.7137707400 1082.580200 0.007200 18
48 0.7140140100 1082.580200 0.007200 18
49 0.7142572800 1082.580200 0.007200 18
50 0.7145005500 1082.580200 0.007200 18
51 0.7147438200 1082.580200 0.007200 18
52 0.7149870900 1082.580200 0.007200 18
53 0.7152303600 1082.580200 0.007200 18
54 0.7154736300 1082.580200 0.007200 18
55 0.7157169000 1082.580200 0.007200 18
56 0.7159601700 1082.580200 0.007200 18
57 0.7162034400 1082.580200 0.007200 18
58 0.7164467100 1082.580200 0.007200 18
59 0.7166899800 1082.580200 0.007200 18
60 0.7169332500 1082.580200 0.007200 18
61 0.7171765200 1082.580200 0.007200 18
62 0.7174197900 1082.580200 0.007200 18
63 0.7176630600 1082.580200 0.007200 18
64 0.7179063300 1082.580200 0.007200 18
65 0.7181496000 1082.580200 0.007200 18
66 0.7183928700 1082.580200 0.007200 18
67 0.7186361400 1082.580200 0.007200 18
68 0.7188794100 1082.580200 0.007200 18
69 0.7191226800 1082.580200 0.007200 18
70 0.7193659500 1082.580200 0.007200 18
71 0.7196092200 1082.580200 0.007200 18
72 0.7198524900 1082.580200 0.007200 18
73 0.7200957600 1082.580200 0.007200 18
74 0.7203390300 1082.580200 0.007200 18
75 0.7205823000 1082.580200 0.007200 18
76 0.7208255700 1082.580200 0.007200 18
77 0.7210688400 1082.580200 0.007200 18
78 0.7213121100 1082.580200 0.007200 18
79 0.7215553800 1082.580200 0.007200 18
80 0.7217986500 1082.580200 0.007200 18
81 0.7220419200 1082.580200 0.007200 18
82 0.7222851900 1082.580200 0.007200 18
83 0.7225284600 1082.580200 0.007200 18
84 0.7227717300 1082.580200 0.007200 18
85 0.7230150000 1082.580200 0.007200 18
86 0.7232582700 1082.580200 0.007200 18
87 0.7235015400 1082.580200 0.007200 18
88 0.7237448100 1082.580200 0.007200 18
89 0.7239880800 1082.580200 0.007200 18
90 0.7242313500 1082.580200 0.007200 18
91 0.7244746200 1082.580200 0.007200 18
92 0.7247178900 1082.580200 0.007200 18
93 0.7249611600 1082.580200 0.007200 18
94 0.7252044300 1082.580200 0.007200 18
95 0.7254477000 1082.580200 0.007200 18
96 0.7256909700 1082.580200 0.007200 18
97 0.7259342400 1082.580200 0.007200 18
98 0.7261775100 1082.580200 0.007200 18
99 0.7264207800 1082.580200 0.007200 18
100 0.7266640500 1082.580200 0.007200 18
101 0.7269073200 1082.580200 0.007200 18
102 0.7271505900 1082.580200 0.007200 18
103 0.7273938600 1082.580200 0.007200 18
104 0.7276371300 1082.580200 0.007200 18
105 0.7278804000 1082.580200 0.007200 18
106 0.7281236700 1082.580200 0.007200 18
107 0.7283669400 1082.580200 0.007200 18
108 0.7286102100 1082.580200 0.007200 18
109 0.7288534800 1082.580200 0.007200 18
110 0.7290967500 1082.580200 0.007200 18
111 0.7293400200 1082.580200 0.007200 18
112 0.7295832900 1082.580200 0.007200 18
113 0.7298265600 1082.580200 0.007200 18
114 0.7300698300 1082.580200 0.007200 18
115 0.7303131000 1082.580200 0.007200 18
116 0.7305563700 1082.580200 0.007200 18
117 0.7307996400 1082.580200 0.007200 18
118 0.7310429100 1082.580200 0.007200 18
119 0.7312861800 1082.580200 0.007200 18
120 0.7315294500 1082.580200 0.007200 18
121 0.7317727200 1082.580200 0.007200 18
122 0.7320159900 1082.580200 0.007200 18
123 0.7322592600 1082.580200 0.007200 18
124 0.7325025300 1082.580200 0.007200 18
125 0.7327458000 1082.580200 0.007200 18
126 0.7329890700 1082.580200 0.007200 18
127 0.7332323400 1082.580200 0.007200 18
128 0.7334756100 1082.580200 0.007200 18
129 0.7337188800 1082.580200 0.007200 18
130 0.7339621500 1082.580200 0.007200 18
131 0.7342054200 1082.580200 0.007200 18
132 0.7344486900 1082.580200 0.007200 18
133 0.7346919600 1082.580200 0.007200 18
134 0.7349352300 1082.580200 0.007200 18
135 0.7351785000 1082.580200 0.007200 18
136 0.7354217700 1082.580200 0.007200 18
137 0.7356650400 1082.580200 0.007200 18
138 0.7359083100 1082.580200 0.007200 18
139 0.7361515800 1082.580200 0.007200 18
140 0.7363948500 1082.580200 0.007200 18
141 0.7366381200 1082.580200 0.007200 18
142 0.7368813900 1082.580200 0.007200 18
143 0.7371246600 1082.580200 0.007200 18
144 0.7373679300 1082.580200 0.007200 18
145 0.7376112000 1082.580200 0.007200 18
146 0.7378544700 1082.580200 0.007200 18
147 0.7380977400 1082.580200 0.007200 18
148 0.7383410100 1082.580200 0.007200 18
149 0.7385842800 1082.580200 0.007200 18
150 0.7388275500 1082.580200 0.007200 18
151 0.7390708200 1082.580200 0.007200 18
152 0.7393140900 1082.580200 0.007200 18
153 0.7395573600 1082.580200 0.007200 18
154 0.7398006300 1082.580200 0.007200 18
155 0.7400439000 1082.580200 0.007200 18
156 0.7402871700 1082.580200 0.007200 18
157 0.7405304400 1082.580200 0.007200 18
158 0.7407737100 1082.580200 0.007200 18
159 0.7410169800 1082.580200 0.007200 18
160 0.7412602500 1082.580200 0.007200 18
161 0.7415035200 1082.580200 0.007200 18
162 0.7417467900 1082.580200 0.007200 18
163 0.7419900600 1082.580200 0.007200 18
164 0.7422333300 1082.580200 0.007200 18
165 0.7424766000 1082.580200 0.007200 18
166 0.7427198700 1082.580200 0.007200 18
167 0.7429631400 1082.580200 0.007200 18
168 0.7432064100 1082.580200 0.007200 18
169 0.7434496800 1082.580200 0.007200 18
170 0.7436929500 1082.580200 0.007200 18
171 0.7439362200 1082.580200 0.007200 18
172 0.7441794900 1082.580200 0.007200 18
173 0.7444227600 1082.580200 0.007200 18
174 0.7446660300 1082.580200 0.007200 18
175 0.7449093000 1082.580200 0.007200 18
176 0.7451525700 1082.580200 0.007200 18
177 0.7453958400 1082.580200 0.007200 18
178 0.7456391100 1082.580200 0.007200 18
179 0.7458823800 1082.580200 0.007200 18
180 0.7461256500 1082.580200 0.007200 18
181 0.7463689200 1082.580200 0.007200 18
182 0.7466121900 1082.580200 0.007200 18
183 0.7468554600 1082.580200 0.007200 18
184 0.7470987300 1082.580200 0.007200 18
185 0.7473420000 1082.580200 0.007200 18
186 0.7475852700 1082.580200 0.007200 18
187 0.7478285400 1082.580200 0.007200 18
188 0.7480718100 1082.580200 0.007200 18
189 0.7483150800 1082.580200 0.007200 18
190 0.7485583500 1082.580200 0.007200 18
191 0.7488016200 1082.580200 0.007200 18
192 0.7490448900 1082.580200 0.007200 18
193 0.7492881600 1082.580200 0.007200 18
194 0.7495314300 1082.580200 0.007200 18
195 0.7497747000 1082.580200 0.007200 18
196 0.7500179700 1082.580200 0.007200 18
197 0.7502612400 1082.580200 0.007200 18
198 0.7505045100 1082.580200 0.007200 18
199 0.7507477800 1082.580200 0.007200 18
200 0.7509910500 1082.580200 0.007200 18
201 0.7512343200 1082.580200 0.007200 18
202 0.7514775900 1082.580200 0.007200 18
203 0.7517208600 1082.580200 0.007200 18
204 0.7519641300 1082.580200 0.007200 18
205 0.7522074000 1082.580200 0.007200 18
206 0.7524506700 1082.580200 0.007200 18
207 0.7526939400 1082.580200 0.007200 18
208 0.7529372100 1082.580200 0.007200 18
209 0.7531804800 1082.580200 0.007200 18
210 0.7534237500 1082.580200 0.007200 18
211 0.7536670200 1082.580200 0.007200 18
212 0.7539102900 1082.580200 0.007200 18
213 0.7541535600 1082.580200 0.007200 18
214 0.7543968300 1082.580200 0.007200 18
215 0.7546401000 1082.580200 0.007200 18
216 0.7548833700 1082.580200 0.007200 18
217 0.7551266400 1082.580200 0.007200 18
218 0.7553699100 1082.580200 0.007200 18
219 0.7556131800 1082.580200 0.007200 18
220 0.7558564500 1082.580200 0.007200 18
221 0.7560997200 1082.580200 0.007200 18
222 0.7563429900 1082.580200 0.007200 18
223 0.7565862600 1082.580200 0.007200 18
224 0.7568295300 1082.580200 0.007200 18
225 0.7570728000 1082.580200 0.007200 18
226 0.7573160700 1082.580200 0.007200 18
227 0.7575593400 1082.580200 0.007200 18
228 0.7578026100 1082.580200 0.007200 18
229 0.7580458800 1082.580200 0.007200 18
230 0.7582891500 1082.580200 0.007200 18
231 0.7585324200 1082.580200 0.007200 18
232 0.7587756900 1082.580200 0.007200 18
233 0.7590189600 1082.580200 0.007200 18
234 0.7592622300 1082.580200 0.007200 18
235 0.7595055000 1082.580200 0.007200 18
236 0.7597487700 1082.580200 0.007200 18
237 0.7599920400 1082.580200 0.007200 18
238 0.7602353100 1082.580200 0.007200 18
239 0.7604785800 1082.580200 0.007200 18
240 0.7607218500 1082.580200 0.007200 18
241 0.7609651200 1082.580200 0.007200 18
242 0.7612083900 1082.580200 0.007200 18
243 0.7614516600 1082.580200 0.007200 18
244 0.7616949300 1082.580200 0.007200 18
245 0.7619382000 1082.580200 0.007200 18
246 0.7621814700 1082.580200 0.007200 18
247 0.7624247400 1082.580200 0.007200 18
248 0.7626680100 1082.580200 0.007200 18
249 0.7629112800 1082.580200 0.007200 18
250 0.7631545500 1082.580200 0.007200 18
251 0.7633978200 1082.580200 0.007200 18
252 0.7636410900 1082.580200 0.007200 18
253 0.7638843600 1082.580200 0.007200 18
254 0.7641276300 1082.580200 0.007200 18
255 0.7643709000 1082.580200 0.007200 18
256 0.7646141700 1082.580200 0.007200 18
257 0.7648574400 1082.580200 0.007200 18
258 0.7651007100 1082.580200 0.007200 18
259 0.7653439800 1082.580200 0.007200 18
260 0.7655872500 1082.580200 0.007200 18
261 0.7658305200 1082.580200 0.007200 18
262 0.7660737900 1082.580200 0.007200 18
263 0.7663170600 1082.580200 0.007200 18
264 0.7665603300 1082.580200 0.007200 18
265 0.7668036000 1082.580200 0.007200 18
266 0.7670468700 1082.580200 0.007200 18
267 0.7672901400 1082.580200 0.007200 18
268 0.7675334100 1082.580200 0.007200 18
269 0.7677766800 1082.580200 0.007200 18
270 0.7680199500 1082.580200 0.007200 18
271 0.7682632200 1082.580200 0.007200 18
272 0.7685064900 1082.580200 0.007200 18
273 0.7687497600 1082.580200 0.007200 18
274 0.7689930300 1082.580200 0.007200 18
275 0.7692363000 1082.580200 0.007200 18
276 0.7694795700 1082.580200 0.007200 18
277 0.7697228400 1082.580200 0.007200 18
278 0.7699661100 1082.580200 0.007200 18
279 0.7702093800 1082.580200 0.007200 18
280 0.7704526500 1082.580200 0.007200 18
281 0.7706959200 1082.580200 0.007200 18
282 0.7709391900 1082.580200 0.007200 18
283 0.7711824600 1082.580200 0.007200 18
284 0.7714257300 1082.580200 0.007200 18
285 0.7716690000 1082.580200 0.007200 18
286 0.7719122700 1082.580200 0.007200 18
287 0.7721555400 1082.580200 0.007200 18
288 0.7723988100 1082.580200 0.007200 18
289 0.7726420800 1082.580200 0.007200 18
290 0.7728853500 1082.580200 0.007200 18
291 0.7731286200 1082.580200 0.007200 18
292 0.7733718900 1082.580200 0.007200 18
293 0.7736151600 1082.580200 0.007200 18
294 0.7738584300 1082.580200 0.007200 18
295 0.7741017000 1082.580200 0.007200 18
296 0.7743449700 1082.580200 0.007200 18
297 0.7745882400 1082.580200 0.007200 18
298 0.7748315100 1082.580200 0.007200 18
299 0.7750747800 1082.580200 0.007200 18
300 0.7753180500 1082.580200 0.007200 18
301 0.7755613200 1082.580200 0.007200 18
302 0.7758045900 1082.580200 0.007200 18
303 0.7760478600 1082.580200 0.007200 18
304 0.7762911300 1082.580200 0.007200 18
305 0.7765344000 1082.580200 0.007200 18
306 0.7767776700 1082.580200 0.007200 18
307 0.7770209400 1082.580200 0.007200 18
308 0.7772642100 1082.580200 0.007200 18
309 0.7775074800 1082.580200 0.007200 18
310 0.7777507500 1082.580200 0.007200 18
311 0.7779940200 1082.580200 0.007200 18
312 0.7782372900 1082.580200 0.007200 18
313 0.7784805600 1082.580200 0.007200 18
314 0.7787238300 1082.580200 0.007200 18
315 0.7789671000 1082.580200 0.007200 18
316 0.7792103700 1082.580200 0.007200 18
317 0.7794536400 1082.580200 0.007200 18
318 0.7796969100 1082.580200 0.007200 18
319 0.7799401800 1082.580200 0.007200 18
320 0.7801834500 1082.580200 0.007200 18
321 0.7804267200 1082.580200 0.007200 18
322 0.7806699900 1082.580200 0.007200 18
323 0.7809132600 1082.580200 0.007200 18
324 0.7811565300 1082.580200 0.007200 18
325 0.7813998000 1082.580200 0.007200 18
326 0.7816430700 1082.580200 0.007200 18
327 0.7818863400 1082.580200 0.007200 18
328 0.7821296100 1082.580200 0.007200 18
329 0.7823728800 1082.580200 0.007200 18
330 0.7826161500 1082.580200 0.007200 18
331 0.7828594200 1082.580200 0.007200 18
332 0.7831026900 1082.580200 0.007200 18
333 0.7833459600 1082.580200 0.007200 18
334 0.7835892300 1082.580200 0.007200 18
335 0.7838325000 1082.580200 0.007200 18
336 0.7840757700 1082.580200 0.007200 18
337 0.7843190400 1082.580200 0.007200 18
338 0.7845623100 1082.580200 0.007200 18
339 0.7848055800 1082.580200 0.007200 18
340 0.7850488500 1082.580200 0.007200 18
341 0.7852921200 1082.580200 0.007200 18
342 0.7855353900 1082.580200 0.007200 18
343 0.7857786600 1082.580200 0.007200 18
344 0.7860219300 1082.580200 0.007200 18
345 0.7862652000 1082.580200 0.007200 18
346 0.7865084700 1082.580200 0.007200 18
347 0.7867517400 1082.580200 0.007200 18
348 0.7869950100 1082.580200 0.007200 18
349 0.7872382800 1082.580200 0.007200 18
350 0.7874815500 1082.580200 0.007200 18
351 0.7877248200 1082.580200 0.007200 18
352 0.7879680900 1082.580200 0.007200 18
353 0.7882113600 1082.580200 0.007200 18
354 0.7884546300 1082.580200 0.007200 18
355 0.7886979000 1082.580200 0.007200 18
356 0.7889411700 1082.580200 0.007200 18
357 0.7891844400 1082.580200 0.007200 18
358 0.7894277100 1082.580200 0.007200 18
359 0.7896709800 1082.580200 0.007200 18
360 0.7899142500 1082.580200 0.007200 18
361 0.7901575200 1082.580200 0.007200 18
362 0.7904007900 1082.580200 0.007200 18
363 0.7906440600 1082.580200 0.007200 18
364 0.7908873300 1082.580200 0.007200 18
365 0.7911306000 1082.580200 0.007200 18
366 0.7913738700 1082.580200 0.007200 18
367 0.7916171400 1082.580200 0.007200 18
368 0.7918604100 1082.580200 0.007200 18
369 0.7921036800 1082.580200 0.007200 18
370 0.7923469500 1082.580200 0.007200 18
371 0.7925902200 1082.580200 0.007200 18
372 0.7928334900 1082.580200 0.007200 18
373 0.7930767600 1082.580200 0.007200 18
374 0.7933200300 1082.580200 0.007200 18
375 0.7935633000 1082.580200 0.007200 18
376 0.7938065700 1082.580200 0.007200 18
377 0.7940498400 1082.580200 0.007200 18
378 0.7942931100 1082.580200 0.007200 18
379 0.7945363800 1082.580200 0.007200 18
380 0.7947796500 1082.580200 0.007200 18
381 0.7950229200 1082.580200 0.007200 18
382 0.7952661900 1082.580200 0.007200 18
383 0.7955094600 1082.580200 0.007200 18
384 0.7957527300 1082.580200 0.007200 18
385 0.7959960000 1082.580200 0.007200 18
386 0.7962392700 1082.580200 0.007200 18
387 0.7964825400 1082.580200 0.007200 18
388 0.7967258100 1082.580200 0.007200 18
389 0.7969690800 1082.580200 0.007200 18
390 0.7972123500 1082.580200 0.007200 18
391 0.7974556200 1082.580200 0.007200 18
392 0.7976988900 1082.580200 0.007200 18
393 0.7979421600 1082.580200 0.007200 18
394 0.7981854300 1082.580200 0.007200 18
395 0.7984287000 1082.580200 0.007200 18
396 0.7986719700 1082.580200 0.007200 18
397 0.7989152400 1082.580200 0.007200 18
398 0.7991585100 1082.580200 0.007200 18
399 0.7994017800 1082.580200 0.007200 18
400 0.7996450500 1082.580200 0.007200 18
401 0.7998883200 1082.580200 0.007200 18
402 0.8001315900 1082.580200 0.007200 18
403 0.8003748600 1082.580200 0.007200 18
404 0.8006181300 1082.580200 0.007200 18
405 0.8008614000 1082.580200 0.007200 18
406 0.8011046700 1082.580200 0.007200 18
407 0.8013479400 1082.580200 0.007200 18
408 0.8015912100 1082.580200 0.007200 18
409 0.8018344800 1082.580200 0.007200 18
410 0.8020777500 1082.580200 0.007200 18
411 0.8023210200 1082.580200 0.007200 18
412 0.8025642900 1082.580200 0.007200 18
413 0.8028075600 1082.580200 0.007200 18
414 0.8030508300 1082.580200 0.007200 18
415 0.8032941000 1082.580200 0.007200 18
416 0.8035373700 1082.580200 0.007200 18
417 0.8037806400 1082.580200 0.007200 18
418 0.8040239100 1082.580200 0.007200 18
419 0.8042671800 1082.580200 0.007200 18
420 0.8045104500 1082.580200 0.007200 18
421 0.8047537200 1082.580200 0.007200 18
422 0.8049969900 1082.580200 0.007200 18
423 0.8052402600 1082.580200 0.007200 18
424 0.8054835300 1082.580200 0.007200 18
425 0.8057268000 1082.580200 0.007200 18
426 0.8059700700 1082.580200 0.007200 18
427 0.8062133400 1082.580200 0.007200 18
428 0.8064566100 1082.580200 0.007200 18
429 0.8066998800 1082.580200 0.007200 18
430 0.8069431500 1082.580200 0.007200 18
431 0.8071864200 1082.580200 0.007200 18
432 0.8074296900 1082.580200 0.007200 18
433 0.8076729600 1082.580200 0.007200 18
434 0.8079162300 1082.580200 0.007200 18
435 0.8081595000 1082.580200 0.007200 18
436 0.8084027700 1082.580200 0.007200 18
437 0.8086460400 1082.580200 0.007200 18
438 0.8088893100 1082.580200 0.007200 18
439 0.8091325800 1082.580200 0.007200 18
440 0.8093758500 1082.580200 0.007200 18
441 0.8096191200 1082.580200 0.007200 18
442 0.8098623900 1082.580200 0.007200 18
443 0.8101056600 1082.580200 0.007200 18
444 0.8103489300 1082.580200 0.007200 18
445 0.8105922000 1082.580200 0.007200 18
446 0.8108354700 1082.580200 0.007200 18
447 0.8110787400 1082.580200 0.007200 18
448 0.8113220100 1082.580200 0.007200 18
449 0.8115652800 1082.580200 0.007200 18
450 0.8118085500 1082.580200 0.007200 18
451 0.8120518200 1082.580200 0.007200 18
452 0.8122950900 1082.580200 0.007200 18
453 0.8125383600 1082.580200 0.007200 18
454 0.8127816300 1082.580200 0.007200 18
455 0.8130249000 1082.580200 0.007200 18
456 0.8132681700 1082.580200 0.007200 18
457 0.8135114400 1082.580200 0.007200 18
458 0.8137547100 1082.580200 0.007200 18
459 0.8139979800 1082.580200 0.007200 18
460 0.8142412500 1082.580200 0.007200 18
461 0.8144845200 1082.580200 0.007200 18
462 0.8147277900 1082.580200 0.007200 18
463 0.8149710600 1082.580200 0.007200 18
464 0.8152143300 1082.580200 0.007200 18
465 0.8154576000 1082.580200 0.007200 18
466 0.8157008700 1082.580200 0.007200 18
467 0.8159441400 1082.580200 0.007200 18
468 0.8161874100 1082.580200 0.007200 18
469 0.8164306800 1082.580200 0.007200 18
470 0.8166739500 1082.580200 0.007200 18
471 0.8169172200 1082.580200 0.007200 18
472 0.8171604900 1082.580200 0.007200 18
473 0.8174037600 1082.580200 0.007200 18
474 0.8176470300 1082.580200 0.007200 18
475 0.8178903000 1082.580200 0.007200 18
476 0.8181335700 1082.580200 0.007200 18
477 0.8183768400 1082.580200 0.007200 18
478 0.8186201100 1082.580200 0.007200 18
479 0.8188633800 1082.580200 0.007200 18
480 0.8191066500 1082.580200 0.007200 18
481 0.8193499200 1082.580200 0.007200 18
482 0.8195931900 1082.580200 0.007200 18
483 0.8198364600 1082.580200 0.007200 18
484 0.8200797300 1082.580200 0.007200 18
485 0.8203230000 1082.580200 0.007200 18
486 0.8205662700 1082.580200 0.007200 18
487 0.8208095400 1082.580200 0.007200 18
488 0.8210528100 1082.580200 0.007200 18
489 0.8212960800 1082.580200 0.007200 18
490 0.8215393500 1082.580200 0.007200 18
491 0.8217826200 1082.580200 0.007200 18
492 0.8220258900 1082.580200 0.007200 18
493 0.8222691600 1082.580200 0.007200 18
494 0.8225124300 1082.580200 0.007200 18
495 0.8227557000 1082.580200 0.007200 18
496 0.8229989700 1082.580200 0.007200 18
497 0.8232422400 1082.580200 0.007200 18
498 0.8234855100 1082.580200 0.007200 18
499 0.8237287800 1082.580200 0.007200 18
500 0.8239720500 1082.580200 0.007200 18
501 0.8242153200 1082.580200 0.007200 18
502 0.8244585900 1082.580200 0.007200 18
503 0.8247018600 1082.580200 0.007200 18
504 0.8249451300 1082.580200 0.007200 18
505 0.8251884000 1082.580200 0.007200 18
506 0.8254316700 1082.580200 0.007200 18
507 0.8256749400 1082.580200 0.007200 18
508 0.8259182100 1082.580200 0.007200 18
509 0.8261614800 1082.580200 0.007200 18
510 0.8264047500 1082.580200 0.007200 18
511 0.8266480200 1082.580200 0.007200 18
512 0.8268912900 1082.580200 0.007200 18
513 0.8271345600 1082.580200 0.007200 18
514 0.8273778300 1082.580200 0.007200 18
515 0.8276211000 1082.580200 0.007200 18
516 0.8278643700 1082.580200 0.007200 18
517 0.8281076400 1082.580200 0.007200 18
518 0.8283509100 1082.580200 0.007200 18
519 0.8285941800 1082.580200 0.007200 18
520 0.8288374500 1082.580200 0.007200 18
521 0.8290807200 1082.580200 0.007200 18
522 0.8293239900 1082.580200 0.007200 18
523 0.8295672600 1082.580200 0.007200 18
524 0.8298105300 1082.580200 0.007200 18
525 0.8300538000 1082.580200 0.007200 18
526 0.8302970700 1082.580200 0.007200 18
527 0.8305403400 1082.580200 0.007200 18
528 0.8307836100 1082.580200 0.007200 18
529 0.8310268800 1082.580200 0.007200 18
530 0.8312701500 1082.580200 0.007200 18
531 0.8315134200 1082.580200 0.007200 18
532 0.8317566900 1082.580200 0.007200 18
533 0.8319999600 1082.580200 0.007200 18
534 0.8322432300 1082.580200 0.007200 18
535 0.8324865000 1082.580200 0.007200 18
536 0.8327297700 1082.580200 0.007200 18
537 0.8329730400 1082.580200 0.007200 18
538 0.8332163100 1082.580200 0.007200 18
539 0.8334595800 1082.580200 0.007200 18
540 0.8337028500 1082.580200 0.007200 18
541 0.8339461200 1082.580200 0.007200 18
542 0.8341893900 1082.580200 0.007200 18
543 0.8344326600 1082.580200 0.007200 18
544 0.8346759300 1082.580200 0.007200 18
545 0.8349192000 1082.580200 0.007200 18
546 0.8351624700 1082.580200 0.007200 18
547 0.8354057400 1082.580200 0.007200 18
548 0.8356490100 1082.580200 0.007200 18
549 0.8358922800 1082.580200 0.007200 18
550 0.8361355500 1082.580200 0.007200 18
551 0.8363788200 1082.580200 0.007200 18
552 0.8366220900 1082.580200 0.007200 18
553 0.8368653600 1082.580200 0.007200 18
554 0.8371086300 1082.580200 0.007200 18
555 0.8373519000 1082.580200 0.007200 18
556 0.8375951700 1082.580200 0.007200 18
557 0.8378384400 1082.580200 0.007200 18
558 0.8380817100 1082.580200 0.007200 18
559 0.8383249800 1082.580200 0.007200 18
560 0.8385682500 1082.580200 0.007200 18
561 0.8388115200 1082.580200 0.007200 18
562 0.8390547900 1082.580200 0.007200 18
563 0.8392980600 1082.580200 0.007200 18
564 0.8395413300 1082.580200 0.007200 18
565 0.8397846000 1082.580200 0.007200 18
566 0.8400278700 1082.580200 0.007200 18
567 0.8402711400 1082.580200 0.007200 18
568 0.8405144100 1082.580200 0.007200 18
569 0.8407576800 1082.580200 0.007200 18
570 0.8410009500 1082.580200 0.007200 18
571 0.8412442200 1082.580200 0.007200 18
572 0.8414874900 1082.580200 0.007200 18
573 0.8417307600 1082.580200 0.007200 18
574 0.8419740300 1082.580200 0.007200 18
575 0.8422173000 1082.580200 0.007200 18
576 0.8424605700 1082.580200 0.007200 18
577 0.8427038400 1082.580200 0.007200 18
578 0.8429471100 1082.580200 0.007200 18
579 0.8431903800 1082.580200 0.007200 18
580 0.8434336500 1082.580200 0.007200 18
581 0.8436769200 1082.580200 0.007200 18
582 0.8439201900 1082.580200 0.007200 18
583 0.8441634600 1082.580200 0.007200 18
584 0.8444067300 1082.580200 0.007200 18
585 0.8446500000 1082.580200 0.007200 18
586 0.8448932700 1082.580200 0.007200 18
587 0.8451365400 1082.580200 0.007200 18
588 0.8453798100 1082.580200 0.007200 18
589 0.8456230800 1082.580200 0.007200 18
590 0.8458663500 1082.580200 0.007200 18
591 0.8461096200 1082.580200 0.007200 18
592 0.8463528900 1082.580200 0.007200 18
593 0.8465961600 1082.580200 0.007200 18
594 0.8468394300 1082.580200 0.007200 18
595 0.8470827000 1082.580200 0.007200 18
596 0.8473259700 1082.580200 0.007200 18
597 0.8475692400 1082.580200 0.007200 18
598 0.8478125100 1082.580200 0.007200 18
599 0.8480557800 1082.580200 0.007200 18
600 0.8482990500 1082.580200 0.007200 18
601 0.8485423200 1082.580200 0.007200 18
602 0.8487855900 1082.580200 0.007200 18
603 0.8490288600 1082.580200 0.007200 18
604 0.8492721300 1082.580200 0.007200 18
605 0.8495154000 1082.580200 0.007200 18
606 0.8497586700 1082.580200 0.007200 18
607 0.8500019400 1082.580200 0.007200 18
608 0.8502452100 1082.580200 0.007200 18
609 0.8504884800 1082.580200 0.007200 18
610 0.8507317500 1082.580200 0.007200 18
611 0.8509750200 1082.580200 0.007200 18
612 0.8512182900 1082.580200 0.007200 18
613 0.8514615600 1082.580200 0.007200 18
614 0.8517048300 1082.580200 0.007200 18
615 0.8519481000 1082.580200 0.007200 18
616 0.8521913700 1082.580200 0.007200 18
617 0.8524346400 1082.580200 0.007200 18
618 0.8526779100 1082.580200 0.007200 18
619 0.8529211800 1082.580200 0.007200 18
620 0.8531644500 1082.580200 0.007200 18
621 0.8534077200 1082.580200 0.007200 18
622 0.8536509900 1082.580200 0.007200 18
623 0.8538942600 1082.580200 0.007200 18
624 0.8541375300 1082.580200 0.007200 18
625 0.8543808000 1082.580200 0.007200 18
626 0.8546240700 1082.580200 0.007200 18
627 0.8548673400 1082.580200 0.007200 18
628 0.8551106100 1082.580200 0.007200 18
629 0.8553538800 1082.580200 0.007200 18
630 0.8555971500 1082.580200 0.007200 18
631 0.8558404200 1082.580200 0.007200 18
632 0.8560836900 1082.580200 0.007200 18
633 0.8563269600 1082.580200 0.007200 18
634 0.8565702300 1082.580200 0.007200 18
635 0.8568135000 1082.580200 0.007200 18
636 0.8570567700 1082.580200 0.007200 18
637 0.8573000400 1082.580200 0.007200 18
638 0.8575433100 1082.580200 0.007200 18
639 0.8577865800 1082.580200 0.007200 18
640 0.8580298500 1082.580200 0.007200 18
641 0.8582731200 1082.580200 0.007200 18
642 0.8585163900 1082.580200 0.007200 18
643 0.8587596600 1082.580200 0.007200 18
644 0.8590029300 1082.580200 0.007200 18
645 0.8592462000 1082.580200 0.007200 18
646 0.8594894700 1082.580200 0.007200 18
647 0.8597327400 1082.580200 0.007200 18
648 0.8599760100 1082.580200 0.007200 18
649 0.8602192800 1082.580200 0.007200 18
650 0.8604625500 1082.580200 0.007200 18
651 0.8607058200 1082.580200 0.007200 18
652 0.8609490900 1082.580200 0.007200 18
653 0.8611923600 1082.580200 0.007200 18
654 0.8614356300 1082.580200 0.007200 18
655 0.8616789000 1082.580200 0.007200 18
656 0.8619221700 1082.580200 0.007200 18
657 0.8621654400 1082.580200 0.007200 18
658 0.8624087100 1082.580200 0.007200 18
659 0.8626519800 1082.580200 0.007200 18
660 0.8628952500 1082.580200 0.007200 18
661 0.8631385200 1082.580200 0.007200 18
662 0.8633817900 1082.580200 0.007200 18
663 0.8636250600 1082.580200 0.007200 18
664 0.8638683300 1082.580200 0.007200 18
665 0.8641116000 1082.580200 0.007200 18
666 0.8643548700 1082.580200 0.007200 18
667 0.8645981400 1082.580200 0.007200 18
668 0.8648414100 1082.580200 0.007200 18
669 0.8650846800 1082.580200 0.007200 18
670 0.8653279500 1082.580200 0.007200 18
671 0.8655712200 1082.580200 0.007200 18
672 0.8658144900 1082.580200 0.007200 18
673 0.8660577600 1082.580200 0.007200 18
674 0.8663010300 1082.580200 0.007200 18
675 0.8665443000 1082.580200 0.007200 18
676 0.8667875700 1082.580200 0.007200 18
677 0.8670308400 1082.580200 0.007200 18
678 0.8672741100 1082.580200 0.007200 18
679 0.8675173800 1082.580200 0.007200 18
680 0.8677606500 1082.580200 0.007200 18
681 0.8680039200 1082.580200 0.007200 18
682 0.8682471900 1082.580200 0.007200 18
683 0.8684904600 1082.580200 0.007200 18
684 0.8687337300 1082.580200 0.007200 18
685 0.8689770000 1082.580200 0.007200 18
686 0.8692202700 1082.580200 0.007200 18
687 0.8694635400 1082.580200 0.007200 18
688 0.8697068100 1082.580200 0.007200 18
689 0.8699500800 1082.580200 0.007200 18
690 0.8701933500 1082.580200 0.007200 18
691 0.8704366200 1082.580200 0.007200 18
692 0.8706798900 1082.580200 0.007200 18
693 0.8709231600 1082.580200 0.007200 18
694 0.8711664300 1082.580200 0.007200 18
695 0.8714097000 1082.580200 0.007200 18
696 0.8716529700 1082.580200 0.007200 18
697 0.8718962400 1082.580200 0.007200 18
698 0.8721395100 1082.580200 0.007200 18
699 0.8723827800 1082.580200 0.007200 18
700 0.8726260500 1082.580200 0.007200 18
701 0.8728693200 1082.580200 0.007200 18
702 0.8731125900 1082.580200 0.007200 18
703 0.8733558600 1082.580200 0.007200 18
704 0.8735991300 1082.580200 0.007200 18
705 0.8738424000 1082.580200 0.007200 18
706 0.8740856700 1082.580200 0.007200 18
707 0.8743289400 1082.580200 0.007200 18
708 0.8745722100 1082.580200 0.007200 18
709 0.8748154800 1082.580200 0.007200 18
710 0.8750587500 1082.580200 0.007200 18
711 0.8753020200 1082.580200 0.007200 18
712 0.8755452900 1082.580200 0.007200 18
713 0.8757885600 1082.580200 0.007200 18
714 0.8760318300 1082.580200 0.007200 18
715 0.8762751000 1082.580200 0.007200 18
716 0.8765183700 1082.580200 0.007200 18
717 0.8767616400 1082.580200 0.007200 18
718 0.8770049100 1082.580200 0.007200 18
719 0.8772481800 1082.580200 0.007200 18
720 0.8774914500 1082.580200 0.007200 18
721 0.8777347200 1082.580200 0.007200 18
722 0.8779779900 1082.580200 0.007200 18
723 0.8782212600 1082.580200 0.007200 18
724 0.8784645300 1082.580200 0.007200 18
725 0.8787078000 1082.580200 0.007200 18
726 0.8789510700 1082.580200 0.007200 18
727 0.8791943400 1082.580200 0.007200 18
728 0.8794376100 1082.580200 0.007200 18
729 0.8796808800 1082.580200 0.007200 18
730 0.8799241500 1082.580200 0.007200 18
731 0.8801674200 1082.580200 0.007200 18
732 0.8804106900 1082.580200 0.007200 18
733 0.8806539600 1082.580200 0.007200 18
734 0.8808972300 1082.580200 0.007200 18
735 0.8811405000 1082.580200 0.007200 18
736 0.8813837700 1082.580200 0.007200 18
737 0.8816270400 1082.580200 0.007200 18
738 0.8818703100 1082.580200 0.007200 18
739 0.8821135800 1082.580200 0.007200 18
740 0.8823568500 1082.580200 0.007200 18
741 0.8826001200 1082.580200 0.007200 18
742 0.8828433900 1082.580200 0.007200 18
743 0.8830866600 1082.580200 0.007200 18
744 0.8833299300 1082.580200 0.007200 18
745 0.8835732000 1082.580200 0.007200 18
746 0.8838164700 1082.580200 0.007200 18
747 0.8840597400 1082.580200 0.007200 18
748 0.8843030100 1082.580200 0.007200 18
749 0.8845462800 1082.580200 0.007200 18
750 0.8847895500 1082.580200 0.007200 18
751 0.8850328200 1082.580200 0.007200 18
752 0.8852760900 1082.580200 0.007200 18
753 0.8855193600 1082.580200 0.007200 18
754 0.8857626300 1082.580200 0.007200 18
755 0.8860059000 1082.580200 0.007200 18
756 0.8862491700 1082.580200 0.007200 18
757 0.8864924400 1082.580200 0.007200 18
758 0.8867357100 1082.580200 0.007200 18
759 0.8869789800 1082.580200 0.007200 18
760 0.8872222500 1082.580200 0.007200 18
761 0.8874655200 1082.580200 0.007200 18
762 0.8877087900 1082.580200 0.007200 18
763 0.8879520600 1082.580200 0.007200 18
764 0.8881953300 1082.580200 0.007200 18
765 0.8884386000 1082.580200 0.007200 18
766 0.8886818700 1082.580200 0.007200 18
767 0.8889251400 1082.580200 0.007200 18
768 0.8891684100 1082.580200 0.007200 18
769 0.8894116800 1082.580200 0.007200 18
770 0.8896549500 1082.580200 0.007200 18
771 0.8898982200 1082.580200 0.007200 18
772 0.8901414900 1082.580200 0.007200 18
773 0.8903847600 1082.580200 0.007200 18
774 0.8906280300 1082.580200 0.007200 18
775 0.8908713000 1082.580200 0.007200 18
776 0.8911145700 1082.580200 0.007200 18
777 0.8913578400 1082.580200 0.007200 18
778 0.8916011100 1082.580200 0.007200 18
779 0.8918443800 1082.580200 0.007200 18
780 0.8920876500 1082.580200 0.007200 18
781 0.8923309200 1082.580200 0.007200 18
782 0.8925741900 1082.580200 0.007200 18
783 0.8928174600 1082.580200 0.007200 18
784 0.8930607300 1082.580200 0.007200 18
785 0.8933040000 1082.580200 0.007200 18
786 0.8935472700 1082.580200 0.007200 18
787 0.8937905400 1082.580200 0.007200 18
788 0.8940338100 1082.580200 0.007200 18
789 0.8942770800 1082.580200 0.007200 18
790 0.8945203500 1082.580200 0.007200 18
791 0.8947636200 1082.580200 0.007200 18
792 0.8950068900 1082.580200 0.007200 18
793 0.8952501600 1082.580200 0.007200 18
794 0.8954934300 1082.580200 0.007200 18
795 0.8957367000 1082.580200 0.007200 18
796 0.8959799700 1082.580200 0.007200 18
797 0.8962232400 1082.580200 0.007200 18
798 0.8964665100 1082.580200 0.007200 18
799 0.8967097800 1082.580200 0.007200 18
800 0.8969530500 1082.580200 0.007200 18
801 0.8971963200 1082.580200 0.007200 18
802 0.8974395900 1082.580200 0.007200 18
803 0.8976828600 1082.580200 0.007200 18
804 0.8979261300 1082.580200 0.007200 18
805 0.8981694000 1082.580200 0.007200 18
806 0.8984126700 1082.580200 0.007200 18
807 0.8986559400 1082.580200 0.007200 18
808 0.8988992100 1082.580200 0.007200 18
809 0.8991424800 1082.580200 0.007200 18
810 0.8993857500 1082.580200 0.007200 18
811 0.8996290200 1082.580200 0.007200 18
812 0.8998722900 1082.580200 0.007200 18
813 0.9001155600 1082.580200 0.007200 18
814 0.9003588300 1082.580200 0.007200 18
815 0.9006021000 1082.580200 0.007200 18
816 0.9008453700 1082.580200 0.007200 18
817 0.9010886400 1082.580200 0.007200 18
818 0.9013319100 1082.580200 0.007200 18
819 0.9015751800 1082.580200 0.007200 18
820 0.9018184500 1082.580200 0.007200 18
821 0.9020617200 1082.580200 0.007200 18
822 0.9023049900 1082.580200 0.007200 18
823 0.9025482600 1082.580200 0.007200 18
824 0.9027915300 1082.580200 0.007200 18
825 0.9030348000 1082.580200 0.007200 18
826 0.9032780700 1082.580200 0.007200 18
827 0.9035213400 1082.580200 0.007200 18
828 0.9037646100 1082.580200 0.007200 18
829 0.9040078800 1082.580200 0.007200 18
830 0.9042511500 1082.580200 0.007200 18
831 0.9044944200 1082.580200 0.007200 18
832 0.9047376900 1082.580200 0.007200 18
833 0.9049809600 1082.580200 0.007200 18
834 0.9052242300 1082.580200 0.007200 18
835 0.9054675000 1082.580200 0.007200 18
836 0.9057107700 1082.580200 0.007200 18
837 0.9059540400 1082.580200 0.007200 18
838 0.9061973100 1082.580200 0.007200 18
839 0.9064405800 1082.580200 0.007200 18
840 0.9066838500 1082.580200 0.007200 18
841 0.9069271200 1082.580200 0.007200 18
842 0.9071703900 1082.580200 0.007200 18
843 0.9074136600 1082.580200 0.007200 18
844 0.9076569300 1082.580200 0.007200 18
845 0.9079002000 1082.580200 0.007200 18
846 0.9081434700 1082.580200 0.007200 18
847 0.9083867400 1082.580200 0.007200 18
848 0.9086300100 1082.580200 0.007200 18
849 0.9088732800 1082.580200 0.007200 18
850 0.9091165500 1082.580200 0.007200 18
851 0.9093598200 1082.580200 0.007200 18
852 0.9096030900 1082.580200 0.007200 18
853 0.9098463600 1082.580200 0.007200 18
854 0.9100896300 1082.580200 0.007200 18
855 0.9103329000 1082.580200 0.007200 18
856 0.9105761700 1082.580200 0.007200 18
857 0.9108194400 1082.580200 0.007200 18
858 0.9110627100 1082.580200 0.007200 18
859 0.9113059800 1082.580200 0.007200 18
860 0.9115492500 1082.580200 0.007200 18
861 0.9117925200 1082.580200 0.007200 18
862 0.9120357900 1082.580200 0.007200 18
863 0.9122790600 1082.580200 0.007200 18
864 0.9125223300 1082.580200 0.007200 18
865 0.9127656000 1082.580200 0.007200 18
866 0.9130088700 1082.580200 0.007200 18
867 0.9132521400 1082.580200 0.007200 18
868 0.9134954100 1082.580200 0.007200 18
869 0.9137386800 1082.580200 0.007200 18
870 0.9139819500 1082.580200 0.007200 18
871 0.9142252200 1082.580200 0.007200 18
872 0.9144684900 1082.580200 0.007200 18
873 0.9147117600 1082.580200 0.007200 18
874 0.9149550300 1082.580200 0.007200 18
875 0.9151983000 1082.580200 0.007200 18
876 0.9154415700 1082.580200 0.007200 18
877 0.9156848400 1082.580200 0.007200 18
878 0.9159281100 1082.580200 0.007200 18
879 0.9161713800 1082.580200 0.007200 18
880 0.9164146500 1082.580200 0.007200 18
881 0.9166579200 1082.580200 0.007200 18
882 0.9169011900 1082.580200 0.007200 18
883 0.9171444600 1082.580200 0.007200 18
884 0.9173877300 1082.580200 0.007200 18
885 0.9176310000 1082.580200 0.007200 18
886 0.9178742700 1082.580200 0.007200 18
887 0.9181175400 1082.580200 0.007200 18
888 0.9183608100 1082.580200 0.007200 18
889 0.9186040800 1082.580200 0.007200 18
890 0.9188473500 1082.580200 0.007200 18
891 0.9190906200 1082.580200 0.007200 18
892 0.9193338900 1082.580200 0.007200 18
893 0.9195771600 1082.580200 0.007200 18
894 0.9198204300 1082.580200 0.007200 18
895 0.9200637000 1082.580200 0.007200 18
896 0.9203069700 1082.580200 0.007200 18
897 0.9205502400 1082.580200 0.007200 18
898 0.9207935100 1082.580200 0.007200 18
899 0.9210367800 1082.580200 0.007200 18
900 0.9212800500 1082.580200 0.007200 18
901 0.9215233200 1082.580200 0.007200 18
902 0.9217665900 1082.580200 0.007200 18
903 0.9220098600 1082.580200 0.007200 18
904 0.9222531300 1082.580200 0.007200 18
905 0.9224964000 1082.580200 0.007200 18
906 0.9227396700 1082.580200 0.007200 18
907 0.9229829400 1082.580200 0.007200 18
908 0.9232262100 1082.580200 0.007200 18
909 0.9234694800 1082.580200 0.007200 18
910 0.9237127500 1082.580200 0.007200 18
911 0.9239560200 1082.580200 0.007200 18
912 0.9241992900 1082.580200 0.007200 18
913 0.9244425600 1082.580200 0.007200 18
914 0.9246858300 1082.580200 0.007200 18
915 0.9249291000 1082.580200 0.007200 18
916 0.9251723700 1082.580200 0.007200 18
917 0.9254156400 1082.580200 0.007200 18
918 0.9256589100 1082.580200 0.007200 18
919 0.9259021800 1082.580200 0.007200 18
920 0.9261454500 1082.580200 0.007200 18
921 0.9263887200 1082.580200 0.007200 18
922 0.9266319900 1082.580200 0.007200 18
923 0.9268752600 1082.580200 0.007200 18
924 0.9271185300 1082.580200 0.007200 18
925 0.9273618000 1082.580200 0.007200 18
926 0.9276050700 1082.580200 0.007200 18
927 0.9278483400 1082.580200 0.007200 18
928 0.9280916100 1082.580200 0.007200 18
929 0.9283348800 1082.580200 0.007200 18
930 0.9285781500 1082.580200 0.007200 18
931 0.9288214200 1082.580200 0.007200 18
932 0.9290646900 1082.580200 0.007200 18
933 0.9293079600 1082.580200 0.007200 18
934 0.9295512300 1082.580200 0.007200 18
935 0.9297945000 1082.580200 0.007200 18
936 0.9300377700 1082.580200 0.007200 18
937 0.9302810400 1082.580200 0.007200 18
938 0.9305243100 1082.580200 0.007200 18
939 0.9307675800 1082.580200 0.007200 18
940 0.9310108500 1082.580200 0.007200 18
941 0.9312541200 1082.580200 0.007200 18
942 0.9314973900 1082.580200 0.007200 18
943 0.9317406600 1082.580200 0.007200 18
944 0.9319839300 1082.580200 0.007200 18
945 0.9322272000 1082.580200 0.007200 18
946 0.9324704700 1082.580200 0.007200 18
947 0.9327137400 1082.580200 0.007200 18
948 0.9329570100 1082.580200 0.007200 18
949 0.9332002800 1082.580200 0.007200 18
950 0.9334435500 1082.580200 0.007200 18
951 0.9336868200 1082.580200 0.007200 18
952 0.9339300900 1082.580200 0.007200 18
953 0.9341733600 1082.580200 0.007200 18
954 0.9344166300 1082.580200 0.007200 18
955 0.9346599000 1082.580200 0.007200 18
956 0.9349031700 1082.580200 0.007200 18
957 0.9351464400 1082.580200 0.007200 18
958 0.9353897100 1082.580200 0.007200 18
959 0.9356329800 1082.580200 0.007200 18
960 0.9358762500 1082.580200 0.007200 18
961 0.9361195200 1082.580200 0.007200 18
962 0.9363627900 1082.580200 0.007200 18
963 0.9366060600 1082.580200 0.007200 18
964 0.9368493300 1082.580200 0.007200 18
965 0.9370926000 1082.580200 0.007200 18
966 0.9373358700 1082.580200 0.007200 18
967 0.9375791400 1082.580200 0.007200 18
968 0.9378224100 1082.580200 0.007200 18
969 0.9380656800 1082.580200 0.007200 18
970 0.9383089500 1082.580200 0.007200 18
971 0.9385522200 1082.580200 0.007200 18
972 0.9387954900 1082.580200 0.007200 18
973 0.9390387600 1082.580200 0.007200 18
974 0.9392820300 1082.580200 0.007200 18
975 0.9395253000 1082.580200 0.007200 18
976 0.9397685700 1082.580200 0.007200 18
977 0.9400118400 1082.580200 0.007200 18
978 0.9402551100 1082.580200 0.007200 18
979 0.9404983800 1082.580200 0.007200 18
980 0.9407416500 1082.580200 0.007200 18
981 0.9409849200 1082.580200 0.007200 18
982 0.9412281900 1082.580200 0.007200 18
983 0.9414714600 1082.580200 0.007200 18
984 0.9417147300 1082.580200 0.007200 18
985 0.9419580000 1082.580200 0.007200 18
986 0.9422012700 1082.580200 0.007200 18
987 0.9424445400 1082.580200 0.007200 18
988 0.9426878100 1082.580200 0.007200 18
989 0.9429310800 1082.580200 0.007200 18
990 0.9431743500 1082.580200 0.007200 18
991 0.9434176200 1082.580200 0.007200 18
992 0.9436608900 1082.580200 0.007200 18
993 0.9439041600 1082.580200 0.007200 18
994 0.9441474300 1082.580200 0.007200 18
995 0.9443907000 1082.580200 0.007200 18
996 0.9446339700 1082.580200 0.007200 18
997 0.9448772400 1082.580200 0.007200 18
998 0.9451205100 1082.580200 0.007200 18
999 0.9453637800 1082.580200 0.007200 18
1000 0.9456070500 1082.580200 0.007200 18
