0 0.3196373000 0.346000 139
1 0.3114630000 0.321000 129
2 0.2667911500 0.206000 83
3 0.2032865700 0.045000 18
4 0.2035341600 0.045000 18
5 0.2037817500 0.045000 18
6 0.2040293400 0.045000 18
7 0.2042769300 0.045000 18
8 0.2045245200 0.045000 18
9 0.2047721100 0.045000 18
10 0.2050197000 0.045000 18
11 0.2052672900 0.045000 18
12 0.2055148800 0.045000 18
13 0.2057624700 0.045000 18
14 0.2060100600 0.045000 18
15 0.2062576500 0.045000 18
16 0.2065052400 0.045000 18
17 0.2067528300 0.045000 18
18 0.2070004200 0.045000 18
19 0.2072480100 0.045000 18
20 0.2074956000 0.045000 18
21 0.2077431900 0.045000 18
22 0.2079907800 0.045000 18
23 0.2082383700 0.045000 18
24 0.2084859600 0.045000 18
25 0.2087335500 0.045000 18
26 0.2089811400 0.045000 18
27 0.2092287300 0.045000 18
28 0.2094763200 0.045000 18
29 0.2097239100 0.045000 18
30 0.2099715000 0.045000 18
31 0.2102190900 0.045000 18
32 0.2104666800 0.045000 18
33 0.2107142700 0.045000 18
34 0.2109618600 0.045000 18
35 0.2112094500 0.045000 18
36 0.2114570400 0.045000 18
37 0.2117046300 0.045000 18
38 0.2119522200 0.045000 18
39 0.2121998100 0.045000 18
40 0.2124474000 0.045000 18
41 0.2126949900 0.045000 18
42 0.2129425800 0.045000 18
43 0.2131901700 0.045000 18
44 0.2134377600 0.045000 18
45 0.2136853500 0.045000 18
46 0.2139329400 0.045000 18
47 0.2141805300 0.045000 18
48 0.2144281200 0.045000 18
49 0.2146757100 0.045000 18
50 0.2149233000 0.045000 18
51 0.2151708900 0.045000 18
52 0.2154184800 0.045000 18
53 0.2156660700 0.045000 18
54 0.2159136600 0.045000 18
55 0.2161612500 0.045000 18
56 0.2164088400 0.045000 18
57 0.2166564300 0.045000 18
58 0.2169040200 0.045000 18
59 0.2171516100 0.045000 18
60 0.2173992000 0.045000 18
61 0.2176467900 0.045000 18
62 0.2178943800 0.045000 18
63 0.2181419700 0.045000 18
64 0.2183895600 0.045000 18
65 0.2186371500 0.045000 18
66 0.2188847400 0.045000 18
67 0.2191323300 0.045000 18
68 0.2193799200 0.045000 18
69 0.2196275100 0.045000 18
70 0.2198751000 0.045000 18
71 0.2201226900 0.045000 18
72 0.2203702800 0.045000 18
73 0.2206178700 0.045000 18
74 0.2208654600 0.045000 18
75 0.2211130500 0.045000 18
76 0.2213606400 0.045000 18
77 0.2216082300 0.045000 18
78 0.2218558200 0.045000 18
79 0.2221034100 0.045000 18
80 0.2223510000 0.045000 18
81 0.2225985900 0.045000 18
82 0.2228461800 0.045000 18
83 0.2230937700 0.045000 18
84 0.2233413600 0.045000 18
85 0.2235889500 0.045000 18
86 0.2238365400 0.045000 18
87 0.2240841300 0.045000 18
88 0.2243317200 0.045000 18
89 0.2245793100 0.045000 18
90 0.2248269000 0.045000 18
91 0.2250744900 0.045000 18
92 0.2253220800 0.045000 18
93 0.2255696700 0.045000 18
94 0.2258172600 0.045000 18
95 0.2260648500 0.045000 18
96 0.2263124400 0.045000 18
97 0.2265600300 0.045000 18
98 0.2268076200 0.045000 18
99 0.2270552100 0.045000 18
100 0.2273028000 0.045000 18
101 0.2275503900 0.045000 18
102 0.2277979800 0.045000 18
103 0.2280455700 0.045000 18
104 0.2282931600 0.045000 18
105 0.2285407500 0.045000 18
106 0.2287883400 0.045000 18
107 0.2290359300 0.045000 18
108 0.2292835200 0.045000 18
109 0.2295311100 0.045000 18
110 0.2297787000 0.045000 18
111 0.2300262900 0.045000 18
112 0.2302738800 0.045000 18
113 0.2305214700 0.045000 18
114 0.2307690600 0.045000 18
115 0.2310166500 0.045000 18
116 0.2312642400 0.045000 18
117 0.2315118300 0.045000 18
118 0.2317594200 0.045000 18
119 0.2320070100 0.045000 18
120 0.2322546000 0.045000 18
121 0.2325021900 0.045000 18
122 0.2327497800 0.045000 18
123 0.2329973700 0.045000 18
124 0.2332449600 0.045000 18
125 0.2334925500 0.045000 18
126 0.2337401400 0.045000 18
127 0.2339877300 0.045000 18
128 0.2342353200 0.045000 18
129 0.2344829100 0.045000 18
130 0.2347305000 0.045000 18
131 0.2349780900 0.045000 18
132 0.2352256800 0.045000 18
133 0.2354732700 0.045000 18
134 0.2357208600 0.045000 18
135 0.2359684500 0.045000 18
136 0.2362160400 0.045000 18
137 0.2364636300 0.045000 18
138 0.2367112200 0.045000 18
139 0.2369588100 0.045000 18
140 0.2372064000 0.045000 18
141 0.2374539900 0.045000 18
142 0.2377015800 0.045000 18
143 0.2379491700 0.045000 18
144 0.2381967600 0.045000 18
145 0.2384443500 0.045000 18
146 0.2386919400 0.045000 18
147 0.2389395300 0.045000 18
148 0.2391871200 0.045000 18
149 0.2394347100 0.045000 18
150 0.2396823000 0.045000 18
151 0.2399298900 0.045000 18
152 0.2401774800 0.045000 18
153 0.2404250700 0.045000 18
154 0.2406726600 0.045000 18
155 0.2409202500 0.045000 18
156 0.2411678400 0.045000 18
157 0.2414154300 0.045000 18
158 0.2416630200 0.045000 18
159 0.2419106100 0.045000 18
160 0.2421582000 0.045000 18
161 0.2424057900 0.045000 18
162 0.2426533800 0.045000 18
163 0.2429009700 0.045000 18
164 0.2431485600 0.045000 18
165 0.2433961500 0.045000 18
166 0.2436437400 0.045000 18
167 0.2438913300 0.045000 18
168 0.2441389200 0.045000 18
169 0.2443865100 0.045000 18
170 0.2446341000 0.045000 18
171 0.2448816900 0.045000 18
172 0.2451292800 0.045000 18
173 0.2453768700 0.045000 18
174 0.2456244600 0.045000 18
175 0.2458720500 0.045000 18
176 0.2461196400 0.045000 18
177 0.2463672300 0.045000 18
178 0.2466148200 0.045000 18
179 0.2468624100 0.045000 18
180 0.2471100000 0.045000 18
181 0.2473575900 0.045000 18
182 0.2476051800 0.045000 18
183 0.2478527700 0.045000 18
184 0.2481003600 0.045000 18
185 0.2483479500 0.045000 18
186 0.2485955400 0.045000 18
187 0.2488431300 0.045000 18
188 0.2490907200 0.045000 18
189 0.2493383100 0.045000 18
190 0.2495859000 0.045000 18
191 0.2498334900 0.045000 18
192 0.2500810800 0.045000 18
193 0.2503286700 0.045000 18
194 0.2505762600 0.045000 18
195 0.2508238500 0.045000 18
196 0.2510714400 0.045000 18
197 0.2513190300 0.045000 18
198 0.2515666200 0.045000 18
199 0.2518142100 0.045000 18
200 0.2520618000 0.045000 18
201 0.2523093900 0.045000 18
202 0.2525569800 0.045000 18
203 0.2528045700 0.045000 18
204 0.2530521600 0.045000 18
205 0.2532997500 0.045000 18
206 0.2535473400 0.045000 18
207 0.2537949300 0.045000 18
208 0.2540425200 0.045000 18
209 0.2542901100 0.045000 18
210 0.2545377000 0.045000 18
211 0.2547852900 0.045000 18
212 0.2550328800 0.045000 18
213 0.2552804700 0.045000 18
214 0.2555280600 0.045000 18
215 0.2557756500 0.045000 18
216 0.2560232400 0.045000 18
217 0.2562708300 0.045000 18
218 0.2565184200 0.045000 18
219 0.2567660100 0.045000 18
220 0.2570136000 0.045000 18
221 0.2572611900 0.045000 18
222 0.2575087800 0.045000 18
223 0.2577563700 0.045000 18
224 0.2580039600 0.045000 18
225 0.2582515500 0.045000 18
226 0.2584991400 0.045000 18
227 0.2587467300 0.045000 18
228 0.2589943200 0.045000 18
229 0.2592419100 0.045000 18
230 0.2594895000 0.045000 18
231 0.2597370900 0.045000 18
232 0.2599846800 0.045000 18
233 0.2602322700 0.045000 18
234 0.2604798600 0.045000 18
235 0.2607274500 0.045000 18
236 0.2609750400 0.045000 18
237 0.2612226300 0.045000 18
238 0.2614702200 0.045000 18
239 0.2617178100 0.045000 18
240 0.2619654000 0.045000 18
241 0.2622129900 0.045000 18
242 0.2624605800 0.045000 18
243 0.2627081700 0.045000 18
244 0.2629557600 0.045000 18
245 0.2632033500 0.045000 18
246 0.2634509400 0.045000 18
247 0.2636985300 0.045000 18
248 0.2639461200 0.045000 18
249 0.2641937100 0.045000 18
250 0.2644413000 0.045000 18
251 0.2646888900 0.045000 18
252 0.2649364800 0.045000 18
253 0.2651840700 0.045000 18
254 0.2654316600 0.045000 18
255 0.2656792500 0.045000 18
256 0.2659268400 0.045000 18
257 0.2661744300 0.045000 18
258 0.2664220200 0.045000 18
259 0.2666696100 0.045000 18
260 0.2669172000 0.045000 18
261 0.2671647900 0.045000 18
262 0.2674123800 0.045000 18
263 0.2676599700 0.045000 18
264 0.2679075600 0.045000 18
265 0.2681551500 0.045000 18
266 0.2684027400 0.045000 18
267 0.2686503300 0.045000 18
268 0.2688979200 0.045000 18
269 0.2691455100 0.045000 18
270 0.2693931000 0.045000 18
271 0.2696406900 0.045000 18
272 0.2698882800 0.045000 18
273 0.2701358700 0.045000 18
274 0.2703834600 0.045000 18
275 0.2706310500 0.045000 18
276 0.2708786400 0.045000 18
277 0.2711262300 0.045000 18
278 0.2713738200 0.045000 18
279 0.2716214100 0.045000 18
280 0.2718690000 0.045000 18
281 0.2721165900 0.045000 18
282 0.2723641800 0.045000 18
283 0.2726117700 0.045000 18
284 0.2728593600 0.045000 18
285 0.2731069500 0.045000 18
286 0.2733545400 0.045000 18
287 0.2736021300 0.045000 18
288 0.2738497200 0.045000 18
289 0.2740973100 0.045000 18
290 0.2743449000 0.045000 18
291 0.2745924900 0.045000 18
292 0.2748400800 0.045000 18
293 0.2750876700 0.045000 18
294 0.2753352600 0.045000 18
295 0.2755828500 0.045000 18
296 0.2758304400 0.045000 18
297 0.2760780300 0.045000 18
298 0.2763256200 0.045000 18
299 0.2765732100 0.045000 18
300 0.2768208000 0.045000 18
301 0.2770683900 0.045000 18
302 0.2773159800 0.045000 18
303 0.2775635700 0.045000 18
304 0.2778111600 0.045000 18
305 0.2780587500 0.045000 18
306 0.2783063400 0.045000 18
307 0.2785539300 0.045000 18
308 0.2788015200 0.045000 18
309 0.2790491100 0.045000 18
310 0.2792967000 0.045000 18
311 0.2795442900 0.045000 18
312 0.2797918800 0.045000 18
313 0.2800394700 0.045000 18
314 0.2802870600 0.045000 18
315 0.2805346500 0.045000 18
316 0.2807822400 0.045000 18
317 0.2810298300 0.045000 18
318 0.2812774200 0.045000 18
319 0.2815250100 0.045000 18
320 0.2817726000 0.045000 18
321 0.2820201900 0.045000 18
322 0.2822677800 0.045000 18
323 0.2825153700 0.045000 18
324 0.2827629600 0.045000 18
325 0.2830105500 0.045000 18
326 0.2832581400 0.045000 18
327 0.2835057300 0.045000 18
328 0.2837533200 0.045000 18
329 0.2840009100 0.045000 18
330 0.2842485000 0.045000 18
331 0.2844960900 0.045000 18
332 0.2847436800 0.045000 18
333 0.2849912700 0.045000 18
334 0.2852388600 0.045000 18
335 0.2854864500 0.045000 18
336 0.2857340400 0.045000 18
337 0.2859816300 0.045000 18
338 0.2862292200 0.045000 18
339 0.2864768100 0.045000 18
340 0.2867244000 0.045000 18
341 0.2869719900 0.045000 18
342 0.2872195800 0.045000 18
343 0.2874671700 0.045000 18
344 0.2877147600 0.045000 18
345 0.2879623500 0.045000 18
346 0.2882099400 0.045000 18
347 0.2884575300 0.045000 18
348 0.2887051200 0.045000 18
349 0.2889527100 0.045000 18
350 0.2892003000 0.045000 18
351 0.2894478900 0.045000 18
352 0.2896954800 0.045000 18
353 0.2899430700 0.045000 18
354 0.2901906600 0.045000 18
355 0.2904382500 0.045000 18
356 0.2906858400 0.045000 18
357 0.2909334300 0.045000 18
358 0.2911810200 0.045000 18
359 0.2914286100 0.045000 18
360 0.2916762000 0.045000 18
361 0.2919237900 0.045000 18
362 0.2921713800 0.045000 18
363 0.2924189700 0.045000 18
364 0.2926665600 0.045000 18
365 0.2929141500 0.045000 18
366 0.2931617400 0.045000 18
367 0.2934093300 0.045000 18
368 0.2936569200 0.045000 18
369 0.2939045100 0.045000 18
370 0.2941521000 0.045000 18
371 0.2943996900 0.045000 18
372 0.2946472800 0.045000 18
373 0.2948948700 0.045000 18
374 0.2951424600 0.045000 18
375 0.2953900500 0.045000 18
376 0.2956376400 0.045000 18
377 0.2958852300 0.045000 18
378 0.2961328200 0.045000 18
379 0.2963804100 0.045000 18
380 0.2966280000 0.045000 18
381 0.2968755900 0.045000 18
382 0.2971231800 0.045000 18
383 0.2973707700 0.045000 18
384 0.2976183600 0.045000 18
385 0.2978659500 0.045000 18
386 0.2981135400 0.045000 18
387 0.2983611300 0.045000 18
388 0.2986087200 0.045000 18
389 0.2988563100 0.045000 18
390 0.2991039000 0.045000 18
391 0.2993514900 0.045000 18
392 0.2995990800 0.045000 18
393 0.2998466700 0.045000 18
394 0.3000942600 0.045000 18
395 0.3003418500 0.045000 18
396 0.3005894400 0.045000 18
397 0.3008370300 0.045000 18
398 0.3010846200 0.045000 18
399 0.3013322100 0.045000 18
400 0.3015798000 0.045000 18
401 0.3018273900 0.045000 18
402 0.3020749800 0.045000 18
403 0.3023225700 0.045000 18
404 0.3025701600 0.045000 18
405 0.3028177500 0.045000 18
406 0.3030653400 0.045000 18
407 0.3033129300 0.045000 18
408 0.3035605200 0.045000 18
409 0.3038081100 0.045000 18
410 0.3040557000 0.045000 18
411 0.3043032900 0.045000 18
412 0.3045508800 0.045000 18
413 0.3047984700 0.045000 18
414 0.3050460600 0.045000 18
415 0.3052936500 0.045000 18
416 0.3055412400 0.045000 18
417 0.3057888300 0.045000 18
418 0.3060364200 0.045000 18
419 0.3062840100 0.045000 18
420 0.3065316000 0.045000 18
421 0.3067791900 0.045000 18
422 0.3070267800 0.045000 18
423 0.3072743700 0.045000 18
424 0.3075219600 0.045000 18
425 0.3077695500 0.045000 18
426 0.3080171400 0.045000 18
427 0.3082647300 0.045000 18
428 0.3085123200 0.045000 18
429 0.3087599100 0.045000 18
430 0.3090075000 0.045000 18
431 0.3092550900 0.045000 18
432 0.3095026800 0.045000 18
433 0.3097502700 0.045000 18
434 0.3099978600 0.045000 18
435 0.3102454500 0.045000 18
436 0.3104930400 0.045000 18
437 0.3107406300 0.045000 18
438 0.3109882200 0.045000 18
439 0.3112358100 0.045000 18
440 0.3114834000 0.045000 18
441 0.3117309900 0.045000 18
442 0.3119785800 0.045000 18
443 0.3122261700 0.045000 18
444 0.3124737600 0.045000 18
445 0.3127213500 0.045000 18
446 0.3129689400 0.045000 18
447 0.3132165300 0.045000 18
448 0.3134641200 0.045000 18
449 0.3137117100 0.045000 18
450 0.3139593000 0.045000 18
451 0.3142068900 0.045000 18
452 0.3144544800 0.045000 18
453 0.3147020700 0.045000 18
454 0.3149496600 0.045000 18
455 0.3151972500 0.045000 18
456 0.3154448400 0.045000 18
457 0.3156924300 0.045000 18
458 0.3159400200 0.045000 18
459 0.3161876100 0.045000 18
460 0.3164352000 0.045000 18
461 0.3166827900 0.045000 18
462 0.3169303800 0.045000 18
463 0.3171779700 0.045000 18
464 0.3174255600 0.045000 18
465 0.3176731500 0.045000 18
466 0.3179207400 0.045000 18
467 0.3181683300 0.045000 18
468 0.3184159200 0.045000 18
469 0.3186635100 0.045000 18
470 0.3189111000 0.045000 18
471 0.3191586900 0.045000 18
472 0.3194062800 0.045000 18
473 0.3196538700 0.045000 18
474 0.3199014600 0.045000 18
475 0.3201490500 0.045000 18
476 0.3203966400 0.045000 18
477 0.3206442300 0.045000 18
478 0.3208918200 0.045000 18
479 0.3211394100 0.045000 18
480 0.3213870000 0.045000 18
481 0.3216345900 0.045000 18
482 0.3218821800 0.045000 18
483 0.3221297700 0.045000 18
484 0.3223773600 0.045000 18
485 0.3226249500 0.045000 18
486 0.3228725400 0.045000 18
487 0.3231201300 0.045000 18
488 0.3233677200 0.045000 18
489 0.3236153100 0.045000 18
490 0.3238629000 0.045000 18
491 0.3241104900 0.045000 18
492 0.3243580800 0.045000 18
493 0.3246056700 0.045000 18
494 0.3248532600 0.045000 18
495 0.3251008500 0.045000 18
496 0.3253484400 0.045000 18
497 0.3255960300 0.045000 18
498 0.3258436200 0.045000 18
499 0.3260912100 0.045000 18
500 0.3263388000 0.045000 18
501 0.3265863900 0.045000 18
502 0.3268339800 0.045000 18
503 0.3270815700 0.045000 18
504 0.3273291600 0.045000 18
505 0.3275767500 0.045000 18
506 0.3278243400 0.045000 18
507 0.3280719300 0.045000 18
508 0.3283195200 0.045000 18
509 0.3285671100 0.045000 18
510 0.3288147000 0.045000 18
511 0.3290622900 0.045000 18
512 0.3293098800 0.045000 18
513 0.3295574700 0.045000 18
514 0.3298050600 0.045000 18
515 0.3300526500 0.045000 18
516 0.3303002400 0.045000 18
517 0.3305478300 0.045000 18
518 0.3307954200 0.045000 18
519 0.3310430100 0.045000 18
520 0.3312906000 0.045000 18
521 0.3315381900 0.045000 18
522 0.3317857800 0.045000 18
523 0.3320333700 0.045000 18
524 0.3322809600 0.045000 18
525 0.3325285500 0.045000 18
526 0.3327761400 0.045000 18
527 0.3330237300 0.045000 18
528 0.3332713200 0.045000 18
529 0.3335189100 0.045000 18
530 0.3337665000 0.045000 18
531 0.3340140900 0.045000 18
532 0.3342616800 0.045000 18
533 0.3345092700 0.045000 18
534 0.3347568600 0.045000 18
535 0.3350044500 0.045000 18
536 0.3352520400 0.045000 18
537 0.3354996300 0.045000 18
538 0.3357472200 0.045000 18
539 0.3359948100 0.045000 18
540 0.3362424000 0.045000 18
541 0.3364899900 0.045000 18
542 0.3367375800 0.045000 18
543 0.3369851700 0.045000 18
544 0.3372327600 0.045000 18
545 0.3374803500 0.045000 18
546 0.3377279400 0.045000 18
547 0.3379755300 0.045000 18
548 0.3382231200 0.045000 18
549 0.3384707100 0.045000 18
550 0.3387183000 0.045000 18
551 0.3389658900 0.045000 18
552 0.3392134800 0.045000 18
553 0.3394610700 0.045000 18
554 0.3397086600 0.045000 18
555 0.3399562500 0.045000 18
556 0.3402038400 0.045000 18
557 0.3404514300 0.045000 18
558 0.3406990200 0.045000 18
559 0.3409466100 0.045000 18
560 0.3411942000 0.045000 18
561 0.3414417900 0.045000 18
562 0.3416893800 0.045000 18
563 0.3419369700 0.045000 18
564 0.3421845600 0.045000 18
565 0.3424321500 0.045000 18
566 0.3426797400 0.045000 18
567 0.3429273300 0.045000 18
568 0.3431749200 0.045000 18
569 0.3434225100 0.045000 18
570 0.3436701000 0.045000 18
571 0.3439176900 0.045000 18
572 0.3441652800 0.045000 18
573 0.3444128700 0.045000 18
574 0.3446604600 0.045000 18
575 0.3449080500 0.045000 18
576 0.3451556400 0.045000 18
577 0.3454032300 0.045000 18
578 0.3456508200 0.045000 18
579 0.3458984100 0.045000 18
580 0.3461460000 0.045000 18
581 0.3463935900 0.045000 18
582 0.3466411800 0.045000 18
583 0.3468887700 0.045000 18
584 0.3471363600 0.045000 18
585 0.3473839500 0.045000 18
586 0.3476315400 0.045000 18
587 0.3478791300 0.045000 18
588 0.3481267200 0.045000 18
589 0.3483743100 0.045000 18
590 0.3486219000 0.045000 18
591 0.3488694900 0.045000 18
592 0.3491170800 0.045000 18
593 0.3493646700 0.045000 18
594 0.3496122600 0.045000 18
595 0.3498598500 0.045000 18
596 0.3501074400 0.045000 18
597 0.3503550300 0.045000 18
598 0.3506026200 0.045000 18
599 0.3508502100 0.045000 18
600 0.3510978000 0.045000 18
601 0.3513453900 0.045000 18
602 0.3515929800 0.045000 18
603 0.3518405700 0.045000 18
604 0.3520881600 0.045000 18
605 0.3523357500 0.045000 18
606 0.3525833400 0.045000 18
607 0.3528309300 0.045000 18
608 0.3530785200 0.045000 18
609 0.3533261100 0.045000 18
610 0.3535737000 0.045000 18
611 0.3538212900 0.045000 18
612 0.3540688800 0.045000 18
613 0.3543164700 0.045000 18
614 0.3545640600 0.045000 18
615 0.3548116500 0.045000 18
616 0.3550592400 0.045000 18
617 0.3553068300 0.045000 18
618 0.3555544200 0.045000 18
619 0.3558020100 0.045000 18
620 0.3560496000 0.045000 18
621 0.3562971900 0.045000 18
622 0.3565447800 0.045000 18
623 0.3567923700 0.045000 18
624 0.3570399600 0.045000 18
625 0.3572875500 0.045000 18
626 0.3575351400 0.045000 18
627 0.3577827300 0.045000 18
628 0.3580303200 0.045000 18
629 0.3582779100 0.045000 18
630 0.3585255000 0.045000 18
631 0.3587730900 0.045000 18
632 0.3590206800 0.045000 18
633 0.3592682700 0.045000 18
634 0.3595158600 0.045000 18
635 0.3597634500 0.045000 18
636 0.3600110400 0.045000 18
637 0.3602586300 0.045000 18
638 0.3605062200 0.045000 18
639 0.3607538100 0.045000 18
640 0.3610014000 0.045000 18
641 0.3612489900 0.045000 18
642 0.3614965800 0.045000 18
643 0.3617441700 0.045000 18
644 0.3619917600 0.045000 18
645 0.3622393500 0.045000 18
646 0.3624869400 0.045000 18
647 0.3627345300 0.045000 18
648 0.3629821200 0.045000 18
649 0.3632297100 0.045000 18
650 0.3634773000 0.045000 18
651 0.3637248900 0.045000 18
652 0.3639724800 0.045000 18
653 0.3642200700 0.045000 18
654 0.3644676600 0.045000 18
655 0.3647152500 0.045000 18
656 0.3649628400 0.045000 18
657 0.3652104300 0.045000 18
658 0.3654580200 0.045000 18
659 0.3657056100 0.045000 18
660 0.3659532000 0.045000 18
661 0.3662007900 0.045000 18
662 0.3664483800 0.045000 18
663 0.3666959700 0.045000 18
664 0.3669435600 0.045000 18
665 0.3671911500 0.045000 18
666 0.3674387400 0.045000 18
667 0.3676863300 0.045000 18
668 0.3679339200 0.045000 18
669 0.3681815100 0.045000 18
670 0.3684291000 0.045000 18
671 0.3686766900 0.045000 18
672 0.3689242800 0.045000 18
673 0.3691718700 0.045000 18
674 0.3694194600 0.045000 18
675 0.3696670500 0.045000 18
676 0.3699146400 0.045000 18
677 0.3701622300 0.045000 18
678 0.3704098200 0.045000 18
679 0.3706574100 0.045000 18
680 0.3709050000 0.045000 18
681 0.3711525900 0.045000 18
682 0.3714001800 0.045000 18
683 0.3716477700 0.045000 18
684 0.3718953600 0.045000 18
685 0.3721429500 0.045000 18
686 0.3723905400 0.045000 18
687 0.3726381300 0.045000 18
688 0.3728857200 0.045000 18
689 0.3731333100 0.045000 18
690 0.3733809000 0.045000 18
691 0.3736284900 0.045000 18
692 0.3738760800 0.045000 18
693 0.3741236700 0.045000 18
694 0.3743712600 0.045000 18
695 0.3746188500 0.045000 18
696 0.3748664400 0.045000 18
697 0.3751140300 0.045000 18
698 0.3753616200 0.045000 18
699 0.3756092100 0.045000 18
700 0.3758568000 0.045000 18
701 0.3761043900 0.045000 18
702 0.3763519800 0.045000 18
703 0.3765995700 0.045000 18
704 0.3768471600 0.045000 18
705 0.3770947500 0.045000 18
706 0.3773423400 0.045000 18
707 0.3775899300 0.045000 18
708 0.3778375200 0.045000 18
709 0.3780851100 0.045000 18
710 0.3783327000 0.045000 18
711 0.3785802900 0.045000 18
712 0.3788278800 0.045000 18
713 0.3790754700 0.045000 18
714 0.3793230600 0.045000 18
715 0.3795706500 0.045000 18
716 0.3798182400 0.045000 18
717 0.3800658300 0.045000 18
718 0.3803134200 0.045000 18
719 0.3805610100 0.045000 18
720 0.3808086000 0.045000 18
721 0.3810561900 0.045000 18
722 0.3813037800 0.045000 18
723 0.3815513700 0.045000 18
724 0.3817989600 0.045000 18
725 0.3820465500 0.045000 18
726 0.3822941400 0.045000 18
727 0.3825417300 0.045000 18
728 0.3827893200 0.045000 18
729 0.3830369100 0.045000 18
730 0.3832845000 0.045000 18
731 0.3835320900 0.045000 18
732 0.3837796800 0.045000 18
733 0.3840272700 0.045000 18
734 0.3842748600 0.045000 18
735 0.3845224500 0.045000 18
736 0.3847700400 0.045000 18
737 0.3850176300 0.045000 18
738 0.3852652200 0.045000 18
739 0.3855128100 0.045000 18
740 0.3857604000 0.045000 18
741 0.3860079900 0.045000 18
742 0.3862555800 0.045000 18
743 0.3865031700 0.045000 18
744 0.3867507600 0.045000 18
745 0.3869983500 0.045000 18
746 0.3872459400 0.045000 18
747 0.3874935300 0.045000 18
748 0.3877411200 0.045000 18
749 0.3879887100 0.045000 18
750 0.3882363000 0.045000 18
751 0.3884838900 0.045000 18
752 0.3887314800 0.045000 18
753 0.3889790700 0.045000 18
754 0.3892266600 0.045000 18
755 0.3894742500 0.045000 18
756 0.3897218400 0.045000 18
757 0.3899694300 0.045000 18
758 0.3902170200 0.045000 18
759 0.3904646100 0.045000 18
760 0.3907122000 0.045000 18
761 0.3909597900 0.045000 18
762 0.3912073800 0.045000 18
763 0.3914549700 0.045000 18
764 0.3917025600 0.045000 18
765 0.3919501500 0.045000 18
766 0.3921977400 0.045000 18
767 0.3924453300 0.045000 18
768 0.3926929200 0.045000 18
769 0.3929405100 0.045000 18
770 0.3931881000 0.045000 18
771 0.3934356900 0.045000 18
772 0.3936832800 0.045000 18
773 0.3939308700 0.045000 18
774 0.3941784600 0.045000 18
775 0.3944260500 0.045000 18
776 0.3946736400 0.045000 18
777 0.3949212300 0.045000 18
778 0.3951688200 0.045000 18
779 0.3954164100 0.045000 18
780 0.3956640000 0.045000 18
781 0.3959115900 0.045000 18
782 0.3961591800 0.045000 18
783 0.3964067700 0.045000 18
784 0.3966543600 0.045000 18
785 0.3969019500 0.045000 18
786 0.3971495400 0.045000 18
787 0.3973971300 0.045000 18
788 0.3976447200 0.045000 18
789 0.3978923100 0.045000 18
790 0.3981399000 0.045000 18
791 0.3983874900 0.045000 18
792 0.3986350800 0.045000 18
793 0.3988826700 0.045000 18
794 0.3991302600 0.045000 18
795 0.3993778500 0.045000 18
796 0.3996254400 0.045000 18
797 0.3998730300 0.045000 18
798 0.4001206200 0.045000 18
799 0.4003682100 0.045000 18
800 0.4006158000 0.045000 18
801 0.4008633900 0.045000 18
802 0.4011109800 0.045000 18
803 0.4013585700 0.045000 18
804 0.4016061600 0.045000 18
805 0.4018537500 0.045000 18
806 0.4021013400 0.045000 18
807 0.4023489300 0.045000 18
808 0.4025965200 0.045000 18
809 0.4028441100 0.045000 18
810 0.4030917000 0.045000 18
811 0.4033392900 0.045000 18
812 0.4035868800 0.045000 18
813 0.4038344700 0.045000 18
814 0.4040820600 0.045000 18
815 0.4043296500 0.045000 18
816 0.4045772400 0.045000 18
817 0.4048248300 0.045000 18
818 0.4050724200 0.045000 18
819 0.4053200100 0.045000 18
820 0.4055676000 0.045000 18
821 0.4058151900 0.045000 18
822 0.4060627800 0.045000 18
823 0.4063103700 0.045000 18
824 0.4065579600 0.045000 18
825 0.4068055500 0.045000 18
826 0.4070531400 0.045000 18
827 0.4073007300 0.045000 18
828 0.4075483200 0.045000 18
829 0.4077959100 0.045000 18
830 0.4080435000 0.045000 18
831 0.4082910900 0.045000 18
832 0.4085386800 0.045000 18
833 0.4087862700 0.045000 18
834 0.4090338600 0.045000 18
835 0.4092814500 0.045000 18
836 0.4095290400 0.045000 18
837 0.4097766300 0.045000 18
838 0.4100242200 0.045000 18
839 0.4102718100 0.045000 18
840 0.4105194000 0.045000 18
841 0.4107669900 0.045000 18
842 0.4110145800 0.045000 18
843 0.4112621700 0.045000 18
844 0.4115097600 0.045000 18
845 0.4117573500 0.045000 18
846 0.4120049400 0.045000 18
847 0.4122525300 0.045000 18
848 0.4125001200 0.045000 18
849 0.4127477100 0.045000 18
850 0.4129953000 0.045000 18
851 0.4132428900 0.045000 18
852 0.4134904800 0.045000 18
853 0.4137380700 0.045000 18
854 0.4139856600 0.045000 18
855 0.4142332500 0.045000 18
856 0.4144808400 0.045000 18
857 0.4147284300 0.045000 18
858 0.4149760200 0.045000 18
859 0.4152236100 0.045000 18
860 0.4154712000 0.045000 18
861 0.4157187900 0.045000 18
862 0.4159663800 0.045000 18
863 0.4162139700 0.045000 18
864 0.4164615600 0.045000 18
865 0.4167091500 0.045000 18
866 0.4169567400 0.045000 18
867 0.4172043300 0.045000 18
868 0.4174519200 0.045000 18
869 0.4176995100 0.045000 18
870 0.4179471000 0.045000 18
871 0.4181946900 0.045000 18
872 0.4184422800 0.045000 18
873 0.4186898700 0.045000 18
874 0.4189374600 0.045000 18
875 0.4191850500 0.045000 18
876 0.4194326400 0.045000 18
877 0.4196802300 0.045000 18
878 0.4199278200 0.045000 18
879 0.4201754100 0.045000 18
880 0.4204230000 0.045000 18
881 0.4206705900 0.045000 18
882 0.4209181800 0.045000 18
883 0.4211657700 0.045000 18
884 0.4214133600 0.045000 18
885 0.4216609500 0.045000 18
886 0.4219085400 0.045000 18
887 0.4221561300 0.045000 18
888 0.4224037200 0.045000 18
889 0.4226513100 0.045000 18
890 0.4228989000 0.045000 18
891 0.4231464900 0.045000 18
892 0.4233940800 0.045000 18
893 0.4236416700 0.045000 18
894 0.4238892600 0.045000 18
895 0.4241368500 0.045000 18
896 0.4243844400 0.045000 18
897 0.4246320300 0.045000 18
898 0.4248796200 0.045000 18
899 0.4251272100 0.045000 18
900 0.4253748000 0.045000 18
901 0.4256223900 0.045000 18
902 0.4258699800 0.045000 18
903 0.4261175700 0.045000 18
904 0.4263651600 0.045000 18
905 0.4266127500 0.045000 18
906 0.4268603400 0.045000 18
907 0.4271079300 0.045000 18
908 0.4273555200 0.045000 18
909 0.4276031100 0.045000 18
910 0.4278507000 0.045000 18
911 0.4280982900 0.045000 18
912 0.4283458800 0.045000 18
913 0.4285934700 0.045000 18
914 0.4288410600 0.045000 18
915 0.4290886500 0.045000 18
916 0.4293362400 0.045000 18
917 0.4295838300 0.045000 18
918 0.4298314200 0.045000 18
919 0.4300790100 0.045000 18
920 0.4303266000 0.045000 18
921 0.4305741900 0.045000 18
922 0.4308217800 0.045000 18
923 0.4310693700 0.045000 18
924 0.4313169600 0.045000 18
925 0.4315645500 0.045000 18
926 0.4318121400 0.045000 18
927 0.4320597300 0.045000 18
928 0.4323073200 0.045000 18
929 0.4325549100 0.045000 18
930 0.4328025000 0.045000 18
931 0.4330500900 0.045000 18
932 0.4332976800 0.045000 18
933 0.4335452700 0.045000 18
934 0.4337928600 0.045000 18
935 0.4340404500 0.045000 18
936 0.4342880400 0.045000 18
937 0.4345356300 0.045000 18
938 0.4347832200 0.045000 18
939 0.4350308100 0.045000 18
940 0.4352784000 0.045000 18
941 0.4355259900 0.045000 18
942 0.4357735800 0.045000 18
943 0.4360211700 0.045000 18
944 0.4362687600 0.045000 18
945 0.4365163500 0.045000 18
946 0.4367639400 0.045000 18
947 0.4370115300 0.045000 18
948 0.4372591200 0.045000 18
949 0.4375067100 0.045000 18
950 0.4377543000 0.045000 18
951 0.4380018900 0.045000 18
952 0.4382494800 0.045000 18
953 0.4384970700 0.045000 18
954 0.4387446600 0.045000 18
955 0.4389922500 0.045000 18
956 0.4392398400 0.045000 18
957 0.4394874300 0.045000 18
958 0.4397350200 0.045000 18
959 0.4399826100 0.045000 18
960 0.4402302000 0.045000 18
961 0.4404777900 0.045000 18
962 0.4407253800 0.045000 18
963 0.4409729700 0.045000 18
964 0.4412205600 0.045000 18
965 0.4414681500 0.045000 18
966 0.4417157400 0.045000 18
967 0.4419633300 0.045000 18
968 0.4422109200 0.045000 18
969 0.4424585100 0.045000 18
970 0.4427061000 0.045000 18
971 0.4429536900 0.045000 18
972 0.4432012800 0.045000 18
973 0.4434488700 0.045000 18
974 0.4436964600 0.045000 18
975 0.4439440500 0.045000 18
976 0.4441916400 0.045000 18
977 0.4444392300 0.045000 18
978 0.4446868200 0.045000 18
979 0.4449344100 0.045000 18
980 0.4451820000 0.045000 18
981 0.4454295900 0.045000 18
982 0.4456771800 0.045000 18
983 0.4459247700 0.045000 18
984 0.4461723600 0.045000 18
985 0.4464199500 0.045000 18
986 0.4466675400 0.045000 18
987 0.4469151300 0.045000 18
988 0.4471627200 0.045000 18
989 0.4474103100 0.045000 18
990 0.4476579000 0.045000 18
991 0.4479054900 0.045000 18
992 0.4481530800 0.045000 18
993 0.4484006700 0.045000 18
994 0.4486482600 0.045000 18
995 0.4488958500 0.045000 18
996 0.4491434400 0.045000 18
997 0.4493910300 0.045000 18
998 0.4496386200 0.045000 18
999 0.4498862100 0.045000 18
1000 0.4501338000 0.045000 18
