0 0.6998209000 0.055600 139
1 0.7016130000 0.051600 129
2 0.7029099500 0.033200 83
3 0.7033952100 0.007200 18
4 0.7036384800 0.007200 18
5 0.7038817500 0.007200 18
6 0.7041250200 0.007200 18
7 0.7043682900 0.007200 18
8 0.7046115600 0.007200 18
9 0.7048548300 0.007200 18
10 0.7050981000 0.007200 18
11 0.7053413700 0.007200 18
12 0.7055846400 0.007200 18
13 0.7058279100 0.007200 18
14 0.7060711800 0.007200 18
15 0.7063144500 0.007200 18
16 0.7065577200 0.007200 18
17 0.7068009900 0.007200 18
18 0.7070442600 0.007200 18
19 0.7072875300 0.007200 18
20 0.7075308000 0.007200 18
21 0.7077740700 0.007200 18
22 0.7080173400 0.007200 18
23 0.7082606100 0.007200 18
24 0.7085038800 0.007200 18
25 0.7087471500 0.007200 18
26 0.7089904200 0.007200 18
27 0.7092336900 0.007200 18
28 0.7094769600 0.007200 18
29 0.7097202300 0.007200 18
30 0.7099635000 0.007200 18
31 0.7102067700 0.007200 18
32 0.7104500400 0.007200 18
33 0.7106933100 0.007200 18
34 0.7109365800 0.007200 18
35 0.7111798500 0.007200 18
36 0.7114231200 0.007200 18
37 0.7116663900 0.007200 18
38 0.7119096600 0.007200 18
39 0.7121529300 0.007200 18
40 0.7123962000 0.007200 18
41 0.7126394700 0.007200 18
42 0.7128827400 0.007200 18
43 0.7131260100 0.007200 18
44 0.7133692800 0.007200 18
45 0.7136125500 0.007200 18
46 0.7138558200 0.007200 18
47 0.7140990900 0.007200 18
48 0.7143423600 0.007200 18
49 0.7145856300 0.007200 18
50 0.7148289000 0.007200 18
51 0.7150721700 0.007200 18
52 0.7153154400 0.007200 18
53 0.7155587100 0.007200 18
54 0.7158019800 0.007200 18
55 0.7160452500 0.007200 18
56 0.7162885200 0.007200 18
57 0.7165317900 0.007200 18
58 0.7167750600 0.007200 18
59 0.7170183300 0.007200 18
60 0.7172616000 0.007200 18
61 0.7175048700 0.007200 18
62 0.7177481400 0.007200 18
63 0.7179914100 0.007200 18
64 0.7182346800 0.007200 18
65 0.7184779500 0.007200 18
66 0.7187212200 0.007200 18
67 0.7189644900 0.007200 18
68 0.7192077600 0.007200 18
69 0.7194510300 0.007200 18
70 0.7196943000 0.007200 18
71 0.7199375700 0.007200 18
72 0.7201808400 0.007200 18
73 0.7204241100 0.007200 18
74 0.7206673800 0.007200 18
75 0.7209106500 0.007200 18
76 0.7211539200 0.007200 18
77 0.7213971900 0.007200 18
78 0.7216404600 0.007200 18
79 0.7218837300 0.007200 18
80 0.7221270000 0.007200 18
81 0.7223702700 0.007200 18
82 0.7226135400 0.007200 18
83 0.7228568100 0.007200 18
84 0.7231000800 0.007200 18
85 0.7233433500 0.007200 18
86 0.7235866200 0.007200 18
87 0.7238298900 0.007200 18
88 0.7240731600 0.007200 18
89 0.7243164300 0.007200 18
90 0.7245597000 0.007200 18
91 0.7248029700 0.007200 18
92 0.7250462400 0.007200 18
93 0.7252895100 0.007200 18
94 0.7255327800 0.007200 18
95 0.7257760500 0.007200 18
96 0.7260193200 0.007200 18
97 0.7262625900 0.007200 18
98 0.7265058600 0.007200 18
99 0.7267491300 0.007200 18
100 0.7269924000 0.007200 18
101 0.7272356700 0.007200 18
102 0.7274789400 0.007200 18
103 0.7277222100 0.007200 18
104 0.7279654800 0.007200 18
105 0.7282087500 0.007200 18
106 0.7284520200 0.007200 18
107 0.7286952900 0.007200 18
108 0.7289385600 0.007200 18
109 0.7291818300 0.007200 18
110 0.7294251000 0.007200 18
111 0.7296683700 0.007200 18
112 0.7299116400 0.007200 18
113 0.7301549100 0.007200 18
114 0.7303981800 0.007200 18
115 0.7306414500 0.007200 18
116 0.7308847200 0.007200 18
117 0.7311279900 0.007200 18
118 0.7313712600 0.007200 18
119 0.7316145300 0.007200 18
120 0.7318578000 0.007200 18
121 0.7321010700 0.007200 18
122 0.7323443400 0.007200 18
123 0.7325876100 0.007200 18
124 0.7328308800 0.007200 18
125 0.7330741500 0.007200 18
126 0.7333174200 0.007200 18
127 0.7335606900 0.007200 18
128 0.7338039600 0.007200 18
129 0.7340472300 0.007200 18
130 0.7342905000 0.007200 18
131 0.7345337700 0.007200 18
132 0.7347770400 0.007200 18
133 0.7350203100 0.007200 18
134 0.7352635800 0.007200 18
135 0.7355068500 0.007200 18
136 0.7357501200 0.007200 18
137 0.7359933900 0.007200 18
138 0.7362366600 0.007200 18
139 0.7364799300 0.007200 18
140 0.7367232000 0.007200 18
141 0.7369664700 0.007200 18
142 0.7372097400 0.007200 18
143 0.7374530100 0.007200 18
144 0.7376962800 0.007200 18
145 0.7379395500 0.007200 18
146 0.7381828200 0.007200 18
147 0.7384260900 0.007200 18
148 0.7386693600 0.007200 18
149 0.7389126300 0.007200 18
150 0.7391559000 0.007200 18
151 0.7393991700 0.007200 18
152 0.7396424400 0.007200 18
153 0.7398857100 0.007200 18
154 0.7401289800 0.007200 18
155 0.7403722500 0.007200 18
156 0.7406155200 0.007200 18
157 0.7408587900 0.007200 18
158 0.7411020600 0.007200 18
159 0.7413453300 0.007200 18
160 0.7415886000 0.007200 18
161 0.7418318700 0.007200 18
162 0.7420751400 0.007200 18
163 0.7423184100 0.007200 18
164 0.7425616800 0.007200 18
165 0.7428049500 0.007200 18
166 0.7430482200 0.007200 18
167 0.7432914900 0.007200 18
168 0.7435347600 0.007200 18
169 0.7437780300 0.007200 18
170 0.7440213000 0.007200 18
171 0.7442645700 0.007200 18
172 0.7445078400 0.007200 18
173 0.7447511100 0.007200 18
174 0.7449943800 0.007200 18
175 0.7452376500 0.007200 18
176 0.7454809200 0.007200 18
177 0.7457241900 0.007200 18
178 0.7459674600 0.007200 18
179 0.7462107300 0.007200 18
180 0.7464540000 0.007200 18
181 0.7466972700 0.007200 18
182 0.7469405400 0.007200 18
183 0.7471838100 0.007200 18
184 0.7474270800 0.007200 18
185 0.7476703500 0.007200 18
186 0.7479136200 0.007200 18
187 0.7481568900 0.007200 18
188 0.7484001600 0.007200 18
189 0.7486434300 0.007200 18
190 0.7488867000 0.007200 18
191 0.7491299700 0.007200 18
192 0.7493732400 0.007200 18
193 0.7496165100 0.007200 18
194 0.7498597800 0.007200 18
195 0.7501030500 0.007200 18
196 0.7503463200 0.007200 18
197 0.7505895900 0.007200 18
198 0.7508328600 0.007200 18
199 0.7510761300 0.007200 18
200 0.7513194000 0.007200 18
201 0.7515626700 0.007200 18
202 0.7518059400 0.007200 18
203 0.7520492100 0.007200 18
204 0.7522924800 0.007200 18
205 0.7525357500 0.007200 18
206 0.7527790200 0.007200 18
207 0.7530222900 0.007200 18
208 0.7532655600 0.007200 18
209 0.7535088300 0.007200 18
210 0.7537521000 0.007200 18
211 0.7539953700 0.007200 18
212 0.7542386400 0.007200 18
213 0.7544819100 0.007200 18
214 0.7547251800 0.007200 18
215 0.7549684500 0.007200 18
216 0.7552117200 0.007200 18
217 0.7554549900 0.007200 18
218 0.7556982600 0.007200 18
219 0.7559415300 0.007200 18
220 0.7561848000 0.007200 18
221 0.7564280700 0.007200 18
222 0.7566713400 0.007200 18
223 0.7569146100 0.007200 18
224 0.7571578800 0.007200 18
225 0.7574011500 0.007200 18
226 0.7576444200 0.007200 18
227 0.7578876900 0.007200 18
228 0.7581309600 0.007200 18
229 0.7583742300 0.007200 18
230 0.7586175000 0.007200 18
231 0.7588607700 0.007200 18
232 0.7591040400 0.007200 18
233 0.7593473100 0.007200 18
234 0.7595905800 0.007200 18
235 0.7598338500 0.007200 18
236 0.7600771200 0.007200 18
237 0.7603203900 0.007200 18
238 0.7605636600 0.007200 18
239 0.7608069300 0.007200 18
240 0.7610502000 0.007200 18
241 0.7612934700 0.007200 18
242 0.7615367400 0.007200 18
243 0.7617800100 0.007200 18
244 0.7620232800 0.007200 18
245 0.7622665500 0.007200 18
246 0.7625098200 0.007200 18
247 0.7627530900 0.007200 18
248 0.7629963600 0.007200 18
249 0.7632396300 0.007200 18
250 0.7634829000 0.007200 18
251 0.7637261700 0.007200 18
252 0.7639694400 0.007200 18
253 0.7642127100 0.007200 18
254 0.7644559800 0.007200 18
255 0.7646992500 0.007200 18
256 0.7649425200 0.007200 18
257 0.7651857900 0.007200 18
258 0.7654290600 0.007200 18
259 0.7656723300 0.007200 18
260 0.7659156000 0.007200 18
261 0.7661588700 0.007200 18
262 0.7664021400 0.007200 18
263 0.7666454100 0.007200 18
264 0.7668886800 0.007200 18
265 0.7671319500 0.007200 18
266 0.7673752200 0.007200 18
267 0.7676184900 0.007200 18
268 0.7678617600 0.007200 18
269 0.7681050300 0.007200 18
270 0.7683483000 0.007200 18
271 0.7685915700 0.007200 18
272 0.7688348400 0.007200 18
273 0.7690781100 0.007200 18
274 0.7693213800 0.007200 18
275 0.7695646500 0.007200 18
276 0.7698079200 0.007200 18
277 0.7700511900 0.007200 18
278 0.7702944600 0.007200 18
279 0.7705377300 0.007200 18
280 0.7707810000 0.007200 18
281 0.7710242700 0.007200 18
282 0.7712675400 0.007200 18
283 0.7715108100 0.007200 18
284 0.7717540800 0.007200 18
285 0.7719973500 0.007200 18
286 0.7722406200 0.007200 18
287 0.7724838900 0.007200 18
288 0.7727271600 0.007200 18
289 0.7729704300 0.007200 18
290 0.7732137000 0.007200 18
291 0.7734569700 0.007200 18
292 0.7737002400 0.007200 18
293 0.7739435100 0.007200 18
294 0.7741867800 0.007200 18
295 0.7744300500 0.007200 18
296 0.7746733200 0.007200 18
297 0.7749165900 0.007200 18
298 0.7751598600 0.007200 18
299 0.7754031300 0.007200 18
300 0.7756464000 0.007200 18
301 0.7758896700 0.007200 18
302 0.7761329400 0.007200 18
303 0.7763762100 0.007200 18
304 0.7766194800 0.007200 18
305 0.7768627500 0.007200 18
306 0.7771060200 0.007200 18
307 0.7773492900 0.007200 18
308 0.7775925600 0.007200 18
309 0.7778358300 0.007200 18
310 0.7780791000 0.007200 18
311 0.7783223700 0.007200 18
312 0.7785656400 0.007200 18
313 0.7788089100 0.007200 18
314 0.7790521800 0.007200 18
315 0.7792954500 0.007200 18
316 0.7795387200 0.007200 18
317 0.7797819900 0.007200 18
318 0.7800252600 0.007200 18
319 0.7802685300 0.007200 18
320 0.7805118000 0.007200 18
321 0.7807550700 0.007200 18
322 0.7809983400 0.007200 18
323 0.7812416100 0.007200 18
324 0.7814848800 0.007200 18
325 0.7817281500 0.007200 18
326 0.7819714200 0.007200 18
327 0.7822146900 0.007200 18
328 0.7824579600 0.007200 18
329 0.7827012300 0.007200 18
330 0.7829445000 0.007200 18
331 0.7831877700 0.007200 18
332 0.7834310400 0.007200 18
333 0.7836743100 0.007200 18
334 0.7839175800 0.007200 18
335 0.7841608500 0.007200 18
336 0.7844041200 0.007200 18
337 0.7846473900 0.007200 18
338 0.7848906600 0.007200 18
339 0.7851339300 0.007200 18
340 0.7853772000 0.007200 18
341 0.7856204700 0.007200 18
342 0.7858637400 0.007200 18
343 0.7861070100 0.007200 18
344 0.7863502800 0.007200 18
345 0.7865935500 0.007200 18
346 0.7868368200 0.007200 18
347 0.7870800900 0.007200 18
348 0.7873233600 0.007200 18
349 0.7875666300 0.007200 18
350 0.7878099000 0.007200 18
351 0.7880531700 0.007200 18
352 0.7882964400 0.007200 18
353 0.7885397100 0.007200 18
354 0.7887829800 0.007200 18
355 0.7890262500 0.007200 18
356 0.7892695200 0.007200 18
357 0.7895127900 0.007200 18
358 0.7897560600 0.007200 18
359 0.7899993300 0.007200 18
360 0.7902426000 0.007200 18
361 0.7904858700 0.007200 18
362 0.7907291400 0.007200 18
363 0.7909724100 0.007200 18
364 0.7912156800 0.007200 18
365 0.7914589500 0.007200 18
366 0.7917022200 0.007200 18
367 0.7919454900 0.007200 18
368 0.7921887600 0.007200 18
369 0.7924320300 0.007200 18
370 0.7926753000 0.007200 18
371 0.7929185700 0.007200 18
372 0.7931618400 0.007200 18
373 0.7934051100 0.007200 18
374 0.7936483800 0.007200 18
375 0.7938916500 0.007200 18
376 0.7941349200 0.007200 18
377 0.7943781900 0.007200 18
378 0.7946214600 0.007200 18
379 0.7948647300 0.007200 18
380 0.7951080000 0.007200 18
381 0.7953512700 0.007200 18
382 0.7955945400 0.007200 18
383 0.7958378100 0.007200 18
384 0.7960810800 0.007200 18
385 0.7963243500 0.007200 18
386 0.7965676200 0.007200 18
387 0.7968108900 0.007200 18
388 0.7970541600 0.007200 18
389 0.7972974300 0.007200 18
390 0.7975407000 0.007200 18
391 0.7977839700 0.007200 18
392 0.7980272400 0.007200 18
393 0.7982705100 0.007200 18
394 0.7985137800 0.007200 18
395 0.7987570500 0.007200 18
396 0.7990003200 0.007200 18
397 0.7992435900 0.007200 18
398 0.7994868600 0.007200 18
399 0.7997301300 0.007200 18
400 0.7999734000 0.007200 18
401 0.8002166700 0.007200 18
402 0.8004599400 0.007200 18
403 0.8007032100 0.007200 18
404 0.8009464800 0.007200 18
405 0.8011897500 0.007200 18
406 0.8014330200 0.007200 18
407 0.8016762900 0.007200 18
408 0.8019195600 0.007200 18
409 0.8021628300 0.007200 18
410 0.8024061000 0.007200 18
411 0.8026493700 0.007200 18
412 0.8028926400 0.007200 18
413 0.8031359100 0.007200 18
414 0.8033791800 0.007200 18
415 0.8036224500 0.007200 18
416 0.8038657200 0.007200 18
417 0.8041089900 0.007200 18
418 0.8043522600 0.007200 18
419 0.8045955300 0.007200 18
420 0.8048388000 0.007200 18
421 0.8050820700 0.007200 18
422 0.8053253400 0.007200 18
423 0.8055686100 0.007200 18
424 0.8058118800 0.007200 18
425 0.8060551500 0.007200 18
426 0.8062984200 0.007200 18
427 0.8065416900 0.007200 18
428 0.8067849600 0.007200 18
429 0.8070282300 0.007200 18
430 0.8072715000 0.007200 18
431 0.8075147700 0.007200 18
432 0.8077580400 0.007200 18
433 0.8080013100 0.007200 18
434 0.8082445800 0.007200 18
435 0.8084878500 0.007200 18
436 0.8087311200 0.007200 18
437 0.8089743900 0.007200 18
438 0.8092176600 0.007200 18
439 0.8094609300 0.007200 18
440 0.8097042000 0.007200 18
441 0.8099474700 0.007200 18
442 0.8101907400 0.007200 18
443 0.8104340100 0.007200 18
444 0.8106772800 0.007200 18
445 0.8109205500 0.007200 18
446 0.8111638200 0.007200 18
447 0.8114070900 0.007200 18
448 0.8116503600 0.007200 18
449 0.8118936300 0.007200 18
450 0.8121369000 0.007200 18
451 0.8123801700 0.007200 18
452 0.8126234400 0.007200 18
453 0.8128667100 0.007200 18
454 0.8131099800 0.007200 18
455 0.8133532500 0.007200 18
456 0.8135965200 0.007200 18
457 0.8138397900 0.007200 18
458 0.8140830600 0.007200 18
459 0.8143263300 0.007200 18
460 0.8145696000 0.007200 18
461 0.8148128700 0.007200 18
462 0.8150561400 0.007200 18
463 0.8152994100 0.007200 18
464 0.8155426800 0.007200 18
465 0.8157859500 0.007200 18
466 0.8160292200 0.007200 18
467 0.8162724900 0.007200 18
468 0.8165157600 0.007200 18
469 0.8167590300 0.007200 18
470 0.8170023000 0.007200 18
471 0.8172455700 0.007200 18
472 0.8174888400 0.007200 18
473 0.8177321100 0.007200 18
474 0.8179753800 0.007200 18
475 0.8182186500 0.007200 18
476 0.8184619200 0.007200 18
477 0.8187051900 0.007200 18
478 0.8189484600 0.007200 18
479 0.8191917300 0.007200 18
480 0.8194350000 0.007200 18
481 0.8196782700 0.007200 18
482 0.8199215400 0.007200 18
483 0.8201648100 0.007200 18
484 0.8204080800 0.007200 18
485 0.8206513500 0.007200 18
486 0.8208946200 0.007200 18
487 0.8211378900 0.007200 18
488 0.8213811600 0.007200 18
489 0.8216244300 0.007200 18
490 0.8218677000 0.007200 18
491 0.8221109700 0.007200 18
492 0.8223542400 0.007200 18
493 0.8225975100 0.007200 18
494 0.8228407800 0.007200 18
495 0.8230840500 0.007200 18
496 0.8233273200 0.007200 18
497 0.8235705900 0.007200 18
498 0.8238138600 0.007200 18
499 0.8240571300 0.007200 18
500 0.8243004000 0.007200 18
501 0.8245436700 0.007200 18
502 0.8247869400 0.007200 18
503 0.8250302100 0.007200 18
504 0.8252734800 0.007200 18
505 0.8255167500 0.007200 18
506 0.8257600200 0.007200 18
507 0.8260032900 0.007200 18
508 0.8262465600 0.007200 18
509 0.8264898300 0.007200 18
510 0.8267331000 0.007200 18
511 0.8269763700 0.007200 18
512 0.8272196400 0.007200 18
513 0.8274629100 0.007200 18
514 0.8277061800 0.007200 18
515 0.8279494500 0.007200 18
516 0.8281927200 0.007200 18
517 0.8284359900 0.007200 18
518 0.8286792600 0.007200 18
519 0.8289225300 0.007200 18
520 0.8291658000 0.007200 18
521 0.8294090700 0.007200 18
522 0.8296523400 0.007200 18
523 0.8298956100 0.007200 18
524 0.8301388800 0.007200 18
525 0.8303821500 0.007200 18
526 0.8306254200 0.007200 18
527 0.8308686900 0.007200 18
528 0.8311119600 0.007200 18
529 0.8313552300 0.007200 18
530 0.8315985000 0.007200 18
531 0.8318417700 0.007200 18
532 0.8320850400 0.007200 18
533 0.8323283100 0.007200 18
534 0.8325715800 0.007200 18
535 0.8328148500 0.007200 18
536 0.8330581200 0.007200 18
537 0.8333013900 0.007200 18
538 0.8335446600 0.007200 18
539 0.8337879300 0.007200 18
540 0.8340312000 0.007200 18
541 0.8342744700 0.007200 18
542 0.8345177400 0.007200 18
543 0.8347610100 0.007200 18
544 0.8350042800 0.007200 18
545 0.8352475500 0.007200 18
546 0.8354908200 0.007200 18
547 0.8357340900 0.007200 18
548 0.8359773600 0.007200 18
549 0.8362206300 0.007200 18
550 0.8364639000 0.007200 18
551 0.8367071700 0.007200 18
552 0.8369504400 0.007200 18
553 0.8371937100 0.007200 18
554 0.8374369800 0.007200 18
555 0.8376802500 0.007200 18
556 0.8379235200 0.007200 18
557 0.8381667900 0.007200 18
558 0.8384100600 0.007200 18
559 0.8386533300 0.007200 18
560 0.8388966000 0.007200 18
561 0.8391398700 0.007200 18
562 0.8393831400 0.007200 18
563 0.8396264100 0.007200 18
564 0.8398696800 0.007200 18
565 0.8401129500 0.007200 18
566 0.8403562200 0.007200 18
567 0.8405994900 0.007200 18
568 0.8408427600 0.007200 18
569 0.8410860300 0.007200 18
570 0.8413293000 0.007200 18
571 0.8415725700 0.007200 18
572 0.8418158400 0.007200 18
573 0.8420591100 0.007200 18
574 0.8423023800 0.007200 18
575 0.8425456500 0.007200 18
576 0.8427889200 0.007200 18
577 0.8430321900 0.007200 18
578 0.8432754600 0.007200 18
579 0.8435187300 0.007200 18
580 0.8437620000 0.007200 18
581 0.8440052700 0.007200 18
582 0.8442485400 0.007200 18
583 0.8444918100 0.007200 18
584 0.8447350800 0.007200 18
585 0.8449783500 0.007200 18
586 0.8452216200 0.007200 18
587 0.8454648900 0.007200 18
588 0.8457081600 0.007200 18
589 0.8459514300 0.007200 18
590 0.8461947000 0.007200 18
591 0.8464379700 0.007200 18
592 0.8466812400 0.007200 18
593 0.8469245100 0.007200 18
594 0.8471677800 0.007200 18
595 0.8474110500 0.007200 18
596 0.8476543200 0.007200 18
597 0.8478975900 0.007200 18
598 0.8481408600 0.007200 18
599 0.8483841300 0.007200 18
600 0.8486274000 0.007200 18
601 0.8488706700 0.007200 18
602 0.8491139400 0.007200 18
603 0.8493572100 0.007200 18
604 0.8496004800 0.007200 18
605 0.8498437500 0.007200 18
606 0.8500870200 0.007200 18
607 0.8503302900 0.007200 18
608 0.8505735600 0.007200 18
609 0.8508168300 0.007200 18
610 0.8510601000 0.007200 18
611 0.8513033700 0.007200 18
612 0.8515466400 0.007200 18
613 0.8517899100 0.007200 18
614 0.8520331800 0.007200 18
615 0.8522764500 0.007200 18
616 0.8525197200 0.007200 18
617 0.8527629900 0.007200 18
618 0.8530062600 0.007200 18
619 0.8532495300 0.007200 18
620 0.8534928000 0.007200 18
621 0.8537360700 0.007200 18
622 0.8539793400 0.007200 18
623 0.8542226100 0.007200 18
624 0.8544658800 0.007200 18
625 0.8547091500 0.007200 18
626 0.8549524200 0.007200 18
627 0.8551956900 0.007200 18
628 0.8554389600 0.007200 18
629 0.8556822300 0.007200 18
630 0.8559255000 0.007200 18
631 0.8561687700 0.007200 18
632 0.8564120400 0.007200 18
633 0.8566553100 0.007200 18
634 0.8568985800 0.007200 18
635 0.8571418500 0.007200 18
636 0.8573851200 0.007200 18
637 0.8576283900 0.007200 18
638 0.8578716600 0.007200 18
639 0.8581149300 0.007200 18
640 0.8583582000 0.007200 18
641 0.8586014700 0.007200 18
642 0.8588447400 0.007200 18
643 0.8590880100 0.007200 18
644 0.8593312800 0.007200 18
645 0.8595745500 0.007200 18
646 0.8598178200 0.007200 18
647 0.8600610900 0.007200 18
648 0.8603043600 0.007200 18
649 0.8605476300 0.007200 18
650 0.8607909000 0.007200 18
651 0.8610341700 0.007200 18
652 0.8612774400 0.007200 18
653 0.8615207100 0.007200 18
654 0.8617639800 0.007200 18
655 0.8620072500 0.007200 18
656 0.8622505200 0.007200 18
657 0.8624937900 0.007200 18
658 0.8627370600 0.007200 18
659 0.8629803300 0.007200 18
660 0.8632236000 0.007200 18
661 0.8634668700 0.007200 18
662 0.8637101400 0.007200 18
663 0.8639534100 0.007200 18
664 0.8641966800 0.007200 18
665 0.8644399500 0.007200 18
666 0.8646832200 0.007200 18
667 0.8649264900 0.007200 18
668 0.8651697600 0.007200 18
669 0.8654130300 0.007200 18
670 0.8656563000 0.007200 18
671 0.8658995700 0.007200 18
672 0.8661428400 0.007200 18
673 0.8663861100 0.007200 18
674 0.8666293800 0.007200 18
675 0.8668726500 0.007200 18
676 0.8671159200 0.007200 18
677 0.8673591900 0.007200 18
678 0.8676024600 0.007200 18
679 0.8678457300 0.007200 18
680 0.8680890000 0.007200 18
681 0.8683322700 0.007200 18
682 0.8685755400 0.007200 18
683 0.8688188100 0.007200 18
684 0.8690620800 0.007200 18
685 0.8693053500 0.007200 18
686 0.8695486200 0.007200 18
687 0.8697918900 0.007200 18
688 0.8700351600 0.007200 18
689 0.8702784300 0.007200 18
690 0.8705217000 0.007200 18
691 0.8707649700 0.007200 18
692 0.8710082400 0.007200 18
693 0.8712515100 0.007200 18
694 0.8714947800 0.007200 18
695 0.8717380500 0.007200 18
696 0.8719813200 0.007200 18
697 0.8722245900 0.007200 18
698 0.8724678600 0.007200 18
699 0.8727111300 0.007200 18
700 0.8729544000 0.007200 18
701 0.8731976700 0.007200 18
702 0.8734409400 0.007200 18
703 0.8736842100 0.007200 18
704 0.8739274800 0.007200 18
705 0.8741707500 0.007200 18
706 0.8744140200 0.007200 18
707 0.8746572900 0.007200 18
708 0.8749005600 0.007200 18
709 0.8751438300 0.007200 18
710 0.8753871000 0.007200 18
711 0.8756303700 0.007200 18
712 0.8758736400 0.007200 18
713 0.8761169100 0.007200 18
714 0.8763601800 0.007200 18
715 0.8766034500 0.007200 18
716 0.8768467200 0.007200 18
717 0.8770899900 0.007200 18
718 0.8773332600 0.007200 18
719 0.8775765300 0.007200 18
720 0.8778198000 0.007200 18
721 0.8780630700 0.007200 18
722 0.8783063400 0.007200 18
723 0.8785496100 0.007200 18
724 0.8787928800 0.007200 18
725 0.8790361500 0.007200 18
726 0.8792794200 0.007200 18
727 0.8795226900 0.007200 18
728 0.8797659600 0.007200 18
729 0.8800092300 0.007200 18
730 0.8802525000 0.007200 18
731 0.8804957700 0.007200 18
732 0.8807390400 0.007200 18
733 0.8809823100 0.007200 18
734 0.8812255800 0.007200 18
735 0.8814688500 0.007200 18
736 0.8817121200 0.007200 18
737 0.8819553900 0.007200 18
738 0.8821986600 0.007200 18
739 0.8824419300 0.007200 18
740 0.8826852000 0.007200 18
741 0.8829284700 0.007200 18
742 0.8831717400 0.007200 18
743 0.8834150100 0.007200 18
744 0.8836582800 0.007200 18
745 0.8839015500 0.007200 18
746 0.8841448200 0.007200 18
747 0.8843880900 0.007200 18
748 0.8846313600 0.007200 18
749 0.8848746300 0.007200 18
750 0.8851179000 0.007200 18
751 0.8853611700 0.007200 18
752 0.8856044400 0.007200 18
753 0.8858477100 0.007200 18
754 0.8860909800 0.007200 18
755 0.8863342500 0.007200 18
756 0.8865775200 0.007200 18
757 0.8868207900 0.007200 18
758 0.8870640600 0.007200 18
759 0.8873073300 0.007200 18
760 0.8875506000 0.007200 18
761 0.8877938700 0.007200 18
762 0.8880371400 0.007200 18
763 0.8882804100 0.007200 18
764 0.8885236800 0.007200 18
765 0.8887669500 0.007200 18
766 0.8890102200 0.007200 18
767 0.8892534900 0.007200 18
768 0.8894967600 0.007200 18
769 0.8897400300 0.007200 18
770 0.8899833000 0.007200 18
771 0.8902265700 0.007200 18
772 0.8904698400 0.007200 18
773 0.8907131100 0.007200 18
774 0.8909563800 0.007200 18
775 0.8911996500 0.007200 18
776 0.8914429200 0.007200 18
777 0.8916861900 0.007200 18
778 0.8919294600 0.007200 18
779 0.8921727300 0.007200 18
780 0.8924160000 0.007200 18
781 0.8926592700 0.007200 18
782 0.8929025400 0.007200 18
783 0.8931458100 0.007200 18
784 0.8933890800 0.007200 18
785 0.8936323500 0.007200 18
786 0.8938756200 0.007200 18
787 0.8941188900 0.007200 18
788 0.8943621600 0.007200 18
789 0.8946054300 0.007200 18
790 0.8948487000 0.007200 18
791 0.8950919700 0.007200 18
792 0.8953352400 0.007200 18
793 0.8955785100 0.007200 18
794 0.8958217800 0.007200 18
795 0.8960650500 0.007200 18
796 0.8963083200 0.007200 18
797 0.8965515900 0.007200 18
798 0.8967948600 0.007200 18
799 0.8970381300 0.007200 18
800 0.8972814000 0.007200 18
801 0.8975246700 0.007200 18
802 0.8977679400 0.007200 18
803 0.8980112100 0.007200 18
804 0.8982544800 0.007200 18
805 0.8984977500 0.007200 18
806 0.8987410200 0.007200 18
807 0.8989842900 0.007200 18
808 0.8992275600 0.007200 18
809 0.8994708300 0.007200 18
810 0.8997141000 0.007200 18
811 0.8999573700 0.007200 18
812 0.9002006400 0.007200 18
813 0.9004439100 0.007200 18
814 0.9006871800 0.007200 18
815 0.9009304500 0.007200 18
816 0.9011737200 0.007200 18
817 0.9014169900 0.007200 18
818 0.9016602600 0.007200 18
819 0.9019035300 0.007200 18
820 0.9021468000 0.007200 18
821 0.9023900700 0.007200 18
822 0.9026333400 0.007200 18
823 0.9028766100 0.007200 18
824 0.9031198800 0.007200 18
825 0.9033631500 0.007200 18
826 0.9036064200 0.007200 18
827 0.9038496900 0.007200 18
828 0.9040929600 0.007200 18
829 0.9043362300 0.007200 18
830 0.9045795000 0.007200 18
831 0.9048227700 0.007200 18
832 0.9050660400 0.007200 18
833 0.9053093100 0.007200 18
834 0.9055525800 0.007200 18
835 0.9057958500 0.007200 18
836 0.9060391200 0.007200 18
837 0.9062823900 0.007200 18
838 0.9065256600 0.007200 18
839 0.9067689300 0.007200 18
840 0.9070122000 0.007200 18
841 0.9072554700 0.007200 18
842 0.9074987400 0.007200 18
843 0.9077420100 0.007200 18
844 0.9079852800 0.007200 18
845 0.9082285500 0.007200 18
846 0.9084718200 0.007200 18
847 0.9087150900 0.007200 18
848 0.9089583600 0.007200 18
849 0.9092016300 0.007200 18
850 0.9094449000 0.007200 18
851 0.9096881700 0.007200 18
852 0.9099314400 0.007200 18
853 0.9101747100 0.007200 18
854 0.9104179800 0.007200 18
855 0.9106612500 0.007200 18
856 0.9109045200 0.007200 18
857 0.9111477900 0.007200 18
858 0.9113910600 0.007200 18
859 0.9116343300 0.007200 18
860 0.9118776000 0.007200 18
861 0.9121208700 0.007200 18
862 0.9123641400 0.007200 18
863 0.9126074100 0.007200 18
864 0.9128506800 0.007200 18
865 0.9130939500 0.007200 18
866 0.9133372200 0.007200 18
867 0.9135804900 0.007200 18
868 0.9138237600 0.007200 18
869 0.9140670300 0.007200 18
870 0.9143103000 0.007200 18
871 0.9145535700 0.007200 18
872 0.9147968400 0.007200 18
873 0.9150401100 0.007200 18
874 0.9152833800 0.007200 18
875 0.9155266500 0.007200 18
876 0.9157699200 0.007200 18
877 0.9160131900 0.007200 18
878 0.9162564600 0.007200 18
879 0.9164997300 0.007200 18
880 0.9167430000 0.007200 18
881 0.9169862700 0.007200 18
882 0.9172295400 0.007200 18
883 0.9174728100 0.007200 18
884 0.9177160800 0.007200 18
885 0.9179593500 0.007200 18
886 0.9182026200 0.007200 18
887 0.9184458900 0.007200 18
888 0.9186891600 0.007200 18
889 0.9189324300 0.007200 18
890 0.9191757000 0.007200 18
891 0.9194189700 0.007200 18
892 0.9196622400 0.007200 18
893 0.9199055100 0.007200 18
894 0.9201487800 0.007200 18
895 0.9203920500 0.007200 18
896 0.9206353200 0.007200 18
897 0.9208785900 0.007200 18
898 0.9211218600 0.007200 18
899 0.9213651300 0.007200 18
900 0.9216084000 0.007200 18
901 0.9218516700 0.007200 18
902 0.9220949400 0.007200 18
903 0.9223382100 0.007200 18
904 0.9225814800 0.007200 18
905 0.9228247500 0.007200 18
906 0.9230680200 0.007200 18
907 0.9233112900 0.007200 18
908 0.9235545600 0.007200 18
909 0.9237978300 0.007200 18
910 0.9240411000 0.007200 18
911 0.9242843700 0.007200 18
912 0.9245276400 0.007200 18
913 0.9247709100 0.007200 18
914 0.9250141800 0.007200 18
915 0.9252574500 0.007200 18
916 0.9255007200 0.007200 18
917 0.9257439900 0.007200 18
918 0.9259872600 0.007200 18
919 0.9262305300 0.007200 18
920 0.9264738000 0.007200 18
921 0.9267170700 0.007200 18
922 0.9269603400 0.007200 18
923 0.9272036100 0.007200 18
924 0.9274468800 0.007200 18
925 0.9276901500 0.007200 18
926 0.9279334200 0.007200 18
927 0.9281766900 0.007200 18
928 0.9284199600 0.007200 18
929 0.9286632300 0.007200 18
930 0.9289065000 0.007200 18
931 0.9291497700 0.007200 18
932 0.9293930400 0.007200 18
933 0.9296363100 0.007200 18
934 0.9298795800 0.007200 18
935 0.9301228500 0.007200 18
936 0.9303661200 0.007200 18
937 0.9306093900 0.007200 18
938 0.9308526600 0.007200 18
939 0.9310959300 0.007200 18
940 0.9313392000 0.007200 18
941 0.9315824700 0.007200 18
942 0.9318257400 0.007200 18
943 0.9320690100 0.007200 18
944 0.9323122800 0.007200 18
945 0.9325555500 0.007200 18
946 0.9327988200 0.007200 18
947 0.9330420900 0.007200 18
948 0.9332853600 0.007200 18
949 0.9335286300 0.007200 18
950 0.9337719000 0.007200 18
951 0.9340151700 0.007200 18
952 0.9342584400 0.007200 18
953 0.9345017100 0.007200 18
954 0.9347449800 0.007200 18
955 0.9349882500 0.007200 18
956 0.9352315200 0.007200 18
957 0.9354747900 0.007200 18
958 0.9357180600 0.007200 18
959 0.9359613300 0.007200 18
960 0.9362046000 0.007200 18
961 0.9364478700 0.007200 18
962 0.9366911400 0.007200 18
963 0.9369344100 0.007200 18
964 0.9371776800 0.007200 18
965 0.9374209500 0.007200 18
966 0.9376642200 0.007200 18
967 0.9379074900 0.007200 18
968 0.9381507600 0.007200 18
969 0.9383940300 0.007200 18
970 0.9386373000 0.007200 18
971 0.9388805700 0.007200 18
972 0.9391238400 0.007200 18
973 0.9393671100 0.007200 18
974 0.9396103800 0.007200 18
975 0.9398536500 0.007200 18
976 0.9400969200 0.007200 18
977 0.9403401900 0.007200 18
978 0.9405834600 0.007200 18
979 0.9408267300 0.007200 18
980 0.9410700000 0.007200 18
981 0.9413132700 0.007200 18
982 0.9415565400 0.007200 18
983 0.9417998100 0.007200 18
984 0.9420430800 0.007200 18
985 0.9422863500 0.007200 18
986 0.9425296200 0.007200 18
987 0.9427728900 0.007200 18
988 0.9430161600 0.007200 18
989 0.9432594300 0.007200 18
990 0.9435027000 0.007200 18
991 0.9437459700 0.007200 18
992 0.9439892400 0.007200 18
993 0.9442325100 0.007200 18
994 0.9444757800 0.007200 18
995 0.9447190500 0.007200 18
996 0.9449623200 0.007200 18
997 0.9452055900 0.007200 18
998 0.9454488600 0.007200 18
999 0.9456921300 0.007200 18
1000 0.9459354000 0.007200 18
