0 0.6998209000
1 0.7016130000
2 0.7029099500
3 0.7033952100
4 0.7036384800
5 0.7038817500
6 0.7041250200
7 0.7043682900
8 0.7046115600
9 0.7048548300
10 0.7050981000
11 0.7053413700
12 0.7055846400
13 0.7058279100
14 0.7060711800
15 0.7063144500
16 0.7065577200
17 0.7068009900
18 0.7070442600
19 0.7072875300
20 0.7075308000
21 0.7077740700
22 0.7080173400
23 0.7082606100
24 0.7085038800
25 0.7087471500
26 0.7089904200
27 0.7092336900
28 0.7094769600
29 0.7097202300
30 0.7099635000
31 0.7102067700
32 0.7104500400
33 0.7106933100
34 0.7109365800
35 0.7111798500
36 0.7114231200
37 0.7116663900
38 0.7119096600
39 0.7121529300
40 0.7123962000
41 0.7126394700
42 0.7128827400
43 0.7131260100
44 0.7133692800
45 0.7136125500
46 0.7138558200
47 0.7140990900
48 0.7143423600
49 0.7145856300
50 0.7148289000
51 0.7150721700
52 0.7153154400
53 0.7155587100
54 0.7158019800
55 0.7160452500
56 0.7162885200
57 0.7165317900
58 0.7167750600
59 0.7170183300
60 0.7172616000
61 0.7175048700
62 0.7177481400
63 0.7179914100
64 0.7182346800
65 0.7184779500
66 0.7187212200
67 0.7189644900
68 0.7192077600
69 0.7194510300
70 0.7196943000
71 0.7199375700
72 0.7201808400
73 0.7204241100
74 0.7206673800
75 0.7209106500
76 0.7211539200
77 0.7213971900
78 0.7216404600
79 0.7218837300
80 0.7221270000
81 0.7223702700
82 0.7226135400
83 0.7228568100
84 0.7231000800
85 0.7233433500
86 0.7235866200
87 0.7238298900
88 0.7240731600
89 0.7243164300
90 0.7245597000
91 0.7248029700
92 0.7250462400
93 0.7252895100
94 0.7255327800
95 0.7257760500
96 0.7260193200
97 0.7262625900
98 0.7265058600
99 0.7267491300
100 0.7269924000
101 0.7272356700
102 0.7274789400
103 0.7277222100
104 0.7279654800
105 0.7282087500
106 0.7284520200
107 0.7286952900
108 0.7289385600
109 0.7291818300
110 0.7294251000
111 0.7296683700
112 0.7299116400
113 0.7301549100
114 0.7303981800
115 0.7306414500
116 0.7308847200
117 0.7311279900
118 0.7313712600
119 0.7316145300
120 0.7318578000
121 0.7321010700
122 0.7323443400
123 0.7325876100
124 0.7328308800
125 0.7330741500
126 0.7333174200
127 0.7335606900
128 0.7338039600
129 0.7340472300
130 0.7342905000
131 0.7345337700
132 0.7347770400
133 0.7350203100
134 0.7352635800
135 0.7355068500
136 0.7357501200
137 0.7359933900
138 0.7362366600
139 0.7364799300
140 0.7367232000
141 0.7369664700
142 0.7372097400
143 0.7374530100
144 0.7376962800
145 0.7379395500
146 0.7381828200
147 0.7384260900
148 0.7386693600
149 0.7389126300
150 0.7391559000
151 0.7393991700
152 0.7396424400
153 0.7398857100
154 0.7401289800
155 0.7403722500
156 0.7406155200
157 0.7408587900
158 0.7411020600
159 0.7413453300
160 0.7415886000
161 0.7418318700
162 0.7420751400
163 0.7423184100
164 0.7425616800
165 0.7428049500
166 0.7430482200
167 0.7432914900
168 0.7435347600
169 0.7437780300
170 0.7440213000
171 0.7442645700
172 0.7445078400
173 0.7447511100
174 0.7449943800
175 0.7452376500
176 0.7454809200
177 0.7457241900
178 0.7459674600
179 0.7462107300
180 0.7464540000
181 0.7466972700
182 0.7469405400
183 0.7471838100
184 0.7474270800
185 0.7476703500
186 0.7479136200
187 0.7481568900
188 0.7484001600
189 0.7486434300
190 0.7488867000
191 0.7491299700
192 0.7493732400
193 0.7496165100
194 0.7498597800
195 0.7501030500
196 0.7503463200
197 0.7505895900
198 0.7508328600
199 0.7510761300
200 0.7513194000
201 0.7515626700
202 0.7518059400
203 0.7520492100
204 0.7522924800
205 0.7525357500
206 0.7527790200
207 0.7530222900
208 0.7532655600
209 0.7535088300
210 0.7537521000
211 0.7539953700
212 0.7542386400
213 0.7544819100
214 0.7547251800
215 0.7549684500
216 0.7552117200
217 0.7554549900
218 0.7556982600
219 0.7559415300
220 0.7561848000
221 0.7564280700
222 0.7566713400
223 0.7569146100
224 0.7571578800
225 0.7574011500
226 0.7576444200
227 0.7578876900
228 0.7581309600
229 0.7583742300
230 0.7586175000
231 0.7588607700
232 0.7591040400
233 0.7593473100
234 0.7595905800
235 0.7598338500
236 0.7600771200
237 0.7603203900
238 0.7605636600
239 0.7608069300
240 0.7610502000
241 0.7612934700
242 0.7615367400
243 0.7617800100
244 0.7620232800
245 0.7622665500
246 0.7625098200
247 0.7627530900
248 0.7629963600
249 0.7632396300
250 0.7634829000
251 0.7637261700
252 0.7639694400
253 0.7642127100
254 0.7644559800
255 0.7646992500
256 0.7649425200
257 0.7651857900
258 0.7654290600
259 0.7656723300
260 0.7659156000
261 0.7661588700
262 0.7664021400
263 0.7666454100
264 0.7668886800
265 0.7671319500
266 0.7673752200
267 0.7676184900
268 0.7678617600
269 0.7681050300
270 0.7683483000
271 0.7685915700
272 0.7688348400
273 0.7690781100
274 0.7693213800
275 0.7695646500
276 0.7698079200
277 0.7700511900
278 0.7702944600
279 0.7705377300
280 0.7707810000
281 0.7710242700
282 0.7712675400
283 0.7715108100
284 0.7717540800
285 0.7719973500
286 0.7722406200
287 0.7724838900
288 0.7727271600
289 0.7729704300
290 0.7732137000
291 0.7734569700
292 0.7737002400
293 0.7739435100
294 0.7741867800
295 0.7744300500
296 0.7746733200
297 0.7749165900
298 0.7751598600
299 0.7754031300
300 0.7756464000
301 0.7758896700
302 0.7761329400
303 0.7763762100
304 0.7766194800
305 0.7768627500
306 0.7771060200
307 0.7773492900
308 0.7775925600
309 0.7778358300
310 0.7780791000
311 0.7783223700
312 0.7785656400
313 0.7788089100
314 0.7790521800
315 0.7792954500
316 0.7795387200
317 0.7797819900
318 0.7800252600
319 0.7802685300
320 0.7805118000
321 0.7807550700
322 0.7809983400
323 0.7812416100
324 0.7814848800
325 0.7817281500
326 0.7819714200
327 0.7822146900
328 0.7824579600
329 0.7827012300
330 0.7829445000
331 0.7831877700
332 0.7834310400
333 0.7836743100
334 0.7839175800
335 0.7841608500
336 0.7844041200
337 0.7846473900
338 0.7848906600
339 0.7851339300
340 0.7853772000
341 0.7856204700
342 0.7858637400
343 0.7861070100
344 0.7863502800
345 0.7865935500
346 0.7868368200
347 0.7870800900
348 0.7873233600
349 0.7875666300
350 0.7878099000
351 0.7880531700
352 0.7882964400
353 0.7885397100
354 0.7887829800
355 0.7890262500
356 0.7892695200
357 0.7895127900
358 0.7897560600
359 0.7899993300
360 0.7902426000
361 0.7904858700
362 0.7907291400
363 0.7909724100
364 0.7912156800
365 0.7914589500
366 0.7917022200
367 0.7919454900
368 0.7921887600
369 0.7924320300
370 0.7926753000
371 0.7929185700
372 0.7931618400
373 0.7934051100
374 0.7936483800
375 0.7938916500
376 0.7941349200
377 0.7943781900
378 0.7946214600
379 0.7948647300
380 0.7951080000
381 0.7953512700
382 0.7955945400
383 0.7958378100
384 0.7960810800
385 0.7963243500
386 0.7965676200
387 0.7968108900
388 0.7970541600
389 0.7972974300
390 0.7975407000
391 0.7977839700
392 0.7980272400
393 0.7982705100
394 0.7985137800
395 0.7987570500
396 0.7990003200
397 0.7992435900
398 0.7994868600
399 0.7997301300
400 0.7999734000
401 0.8002166700
402 0.8004599400
403 0.8007032100
404 0.8009464800
405 0.8011897500
406 0.8014330200
407 0.8016762900
408 0.8019195600
409 0.8021628300
410 0.8024061000
411 0.8026493700
412 0.8028926400
413 0.8031359100
414 0.8033791800
415 0.8036224500
416 0.8038657200
417 0.8041089900
418 0.8043522600
419 0.8045955300
420 0.8048388000
421 0.8050820700
422 0.8053253400
423 0.8055686100
424 0.8058118800
425 0.8060551500
426 0.8062984200
427 0.8065416900
428 0.8067849600
429 0.8070282300
430 0.8072715000
431 0.8075147700
432 0.8077580400
433 0.8080013100
434 0.8082445800
435 0.8084878500
436 0.8087311200
437 0.8089743900
438 0.8092176600
439 0.8094609300
440 0.8097042000
441 0.8099474700
442 0.8101907400
443 0.8104340100
444 0.8106772800
445 0.8109205500
446 0.8111638200
447 0.8114070900
448 0.8116503600
449 0.8118936300
450 0.8121369000
451 0.8123801700
452 0.8126234400
453 0.8128667100
454 0.8131099800
455 0.8133532500
456 0.8135965200
457 0.8138397900
458 0.8140830600
459 0.8143263300
460 0.8145696000
461 0.8148128700
462 0.8150561400
463 0.8152994100
464 0.8155426800
465 0.8157859500
466 0.8160292200
467 0.8162724900
468 0.8165157600
469 0.8167590300
470 0.8170023000
471 0.8172455700
472 0.8174888400
473 0.8177321100
474 0.8179753800
475 0.8182186500
476 0.8184619200
477 0.8187051900
478 0.8189484600
479 0.8191917300
480 0.8194350000
481 0.8196782700
482 0.8199215400
483 0.8201648100
484 0.8204080800
485 0.8206513500
486 0.8208946200
487 0.8211378900
488 0.8213811600
489 0.8216244300
490 0.8218677000
491 0.8221109700
492 0.8223542400
493 0.8225975100
494 0.8228407800
495 0.8230840500
496 0.8233273200
497 0.8235705900
498 0.8238138600
499 0.8240571300
500 0.8243004000
501 0.8245436700
502 0.8247869400
503 0.8250302100
504 0.8252734800
505 0.8255167500
506 0.8257600200
507 0.8260032900
508 0.8262465600
509 0.8264898300
510 0.8267331000
511 0.8269763700
512 0.8272196400
513 0.8274629100
514 0.8277061800
515 0.8279494500
516 0.8281927200
517 0.8284359900
518 0.8286792600
519 0.8289225300
520 0.8291658000
521 0.8294090700
522 0.8296523400
523 0.8298956100
524 0.8301388800
525 0.8303821500
526 0.8306254200
527 0.8308686900
528 0.8311119600
529 0.8313552300
530 0.8315985000
531 0.8318417700
532 0.8320850400
533 0.8323283100
534 0.8325715800
535 0.8328148500
536 0.8330581200
537 0.8333013900
538 0.8335446600
539 0.8337879300
540 0.8340312000
541 0.8342744700
542 0.8345177400
543 0.8347610100
544 0.8350042800
545 0.8352475500
546 0.8354908200
547 0.8357340900
548 0.8359773600
549 0.8362206300
550 0.8364639000
551 0.8367071700
552 0.8369504400
553 0.8371937100
554 0.8374369800
555 0.8376802500
556 0.8379235200
557 0.8381667900
558 0.8384100600
559 0.8386533300
560 0.8388966000
561 0.8391398700
562 0.8393831400
563 0.8396264100
564 0.8398696800
565 0.8401129500
566 0.8403562200
567 0.8405994900
568 0.8408427600
569 0.8410860300
570 0.8413293000
571 0.8415725700
572 0.8418158400
573 0.8420591100
574 0.8423023800
575 0.8425456500
576 0.8427889200
577 0.8430321900
578 0.8432754600
579 0.8435187300
580 0.8437620000
581 0.8440052700
582 0.8442485400
583 0.8444918100
584 0.8447350800
585 0.8449783500
586 0.8452216200
587 0.8454648900
588 0.8457081600
589 0.8459514300
590 0.8461947000
591 0.8464379700
592 0.8466812400
593 0.8469245100
594 0.8471677800
595 0.8474110500
596 0.8476543200
597 0.8478975900
598 0.8481408600
599 0.8483841300
600 0.8486274000
601 0.8488706700
602 0.8491139400
603 0.8493572100
604 0.8496004800
605 0.8498437500
606 0.8500870200
607 0.8503302900
608 0.8505735600
609 0.8508168300
610 0.8510601000
611 0.8513033700
612 0.8515466400
613 0.8517899100
614 0.8520331800
615 0.8522764500
616 0.8525197200
617 0.8527629900
618 0.8530062600
619 0.8532495300
620 0.8534928000
621 0.8537360700
622 0.8539793400
623 0.8542226100
624 0.8544658800
625 0.8547091500
626 0.8549524200
627 0.8551956900
628 0.8554389600
629 0.8556822300
630 0.8559255000
631 0.8561687700
632 0.8564120400
633 0.8566553100
634 0.8568985800
635 0.8571418500
636 0.8573851200
637 0.8576283900
638 0.8578716600
639 0.8581149300
640 0.8583582000
641 0.8586014700
642 0.8588447400
643 0.8590880100
644 0.8593312800
645 0.8595745500
646 0.8598178200
647 0.8600610900
648 0.8603043600
649 0.8605476300
650 0.8607909000
651 0.8610341700
652 0.8612774400
653 0.8615207100
654 0.8617639800
655 0.8620072500
656 0.8622505200
657 0.8624937900
658 0.8627370600
659 0.8629803300
660 0.8632236000
661 0.8634668700
662 0.8637101400
663 0.8639534100
664 0.8641966800
665 0.8644399500
666 0.8646832200
667 0.8649264900
668 0.8651697600
669 0.8654130300
670 0.8656563000
671 0.8658995700
672 0.8661428400
673 0.8663861100
674 0.8666293800
675 0.8668726500
676 0.8671159200
677 0.8673591900
678 0.8676024600
679 0.8678457300
680 0.8680890000
681 0.8683322700
682 0.8685755400
683 0.8688188100
684 0.8690620800
685 0.8693053500
686 0.8695486200
687 0.8697918900
688 0.8700351600
689 0.8702784300
690 0.8705217000
691 0.8707649700
692 0.8710082400
693 0.8712515100
694 0.8714947800
695 0.8717380500
696 0.8719813200
697 0.8722245900
698 0.8724678600
699 0.8727111300
700 0.8729544000
701 0.8731976700
702 0.8734409400
703 0.8736842100
704 0.8739274800
705 0.8741707500
706 0.8744140200
707 0.8746572900
708 0.8749005600
709 0.8751438300
710 0.8753871000
711 0.8756303700
712 0.8758736400
713 0.8761169100
714 0.8763601800
715 0.8766034500
716 0.8768467200
717 0.8770899900
718 0.8773332600
719 0.8775765300
720 0.8778198000
721 0.8780630700
722 0.8783063400
723 0.8785496100
724 0.8787928800
725 0.8790361500
726 0.8792794200
727 0.8795226900
728 0.8797659600
729 0.8800092300
730 0.8802525000
731 0.8804957700
732 0.8807390400
733 0.8809823100
734 0.8812255800
735 0.8814688500
736 0.8817121200
737 0.8819553900
738 0.8821986600
739 0.8824419300
740 0.8826852000
741 0.8829284700
742 0.8831717400
743 0.8834150100
744 0.8836582800
745 0.8839015500
746 0.8841448200
747 0.8843880900
748 0.8846313600
749 0.8848746300
750 0.8851179000
751 0.8853611700
752 0.8856044400
753 0.8858477100
754 0.8860909800
755 0.8863342500
756 0.8865775200
757 0.8868207900
758 0.8870640600
759 0.8873073300
760 0.8875506000
761 0.8877938700
762 0.8880371400
763 0.8882804100
764 0.8885236800
765 0.8887669500
766 0.8890102200
767 0.8892534900
768 0.8894967600
769 0.8897400300
770 0.8899833000
771 0.8902265700
772 0.8904698400
773 0.8907131100
774 0.8909563800
775 0.8911996500
776 0.8914429200
777 0.8916861900
778 0.8919294600
779 0.8921727300
780 0.8924160000
781 0.8926592700
782 0.8929025400
783 0.8931458100
784 0.8933890800
785 0.8936323500
786 0.8938756200
787 0.8941188900
788 0.8943621600
789 0.8946054300
790 0.8948487000
791 0.8950919700
792 0.8953352400
793 0.8955785100
794 0.8958217800
795 0.8960650500
796 0.8963083200
797 0.8965515900
798 0.8967948600
799 0.8970381300
800 0.8972814000
801 0.8975246700
802 0.8977679400
803 0.8980112100
804 0.8982544800
805 0.8984977500
806 0.8987410200
807 0.8989842900
808 0.8992275600
809 0.8994708300
810 0.8997141000
811 0.8999573700
812 0.9002006400
813 0.9004439100
814 0.9006871800
815 0.9009304500
816 0.9011737200
817 0.9014169900
818 0.9016602600
819 0.9019035300
820 0.9021468000
821 0.9023900700
822 0.9026333400
823 0.9028766100
824 0.9031198800
825 0.9033631500
826 0.9036064200
827 0.9038496900
828 0.9040929600
829 0.9043362300
830 0.9045795000
831 0.9048227700
832 0.9050660400
833 0.9053093100
834 0.9055525800
835 0.9057958500
836 0.9060391200
837 0.9062823900
838 0.9065256600
839 0.9067689300
840 0.9070122000
841 0.9072554700
842 0.9074987400
843 0.9077420100
844 0.9079852800
845 0.9082285500
846 0.9084718200
847 0.9087150900
848 0.9089583600
849 0.9092016300
850 0.9094449000
851 0.9096881700
852 0.9099314400
853 0.9101747100
854 0.9104179800
855 0.9106612500
856 0.9109045200
857 0.9111477900
858 0.9113910600
859 0.9116343300
860 0.9118776000
861 0.9121208700
862 0.9123641400
863 0.9126074100
864 0.9128506800
865 0.9130939500
866 0.9133372200
867 0.9135804900
868 0.9138237600
869 0.9140670300
870 0.9143103000
871 0.9145535700
872 0.9147968400
873 0.9150401100
874 0.9152833800
875 0.9155266500
876 0.9157699200
877 0.9160131900
878 0.9162564600
879 0.9164997300
880 0.9167430000
881 0.9169862700
882 0.9172295400
883 0.9174728100
884 0.9177160800
885 0.9179593500
886 0.9182026200
887 0.9184458900
888 0.9186891600
889 0.9189324300
890 0.9191757000
891 0.9194189700
892 0.9196622400
893 0.9199055100
894 0.9201487800
895 0.9203920500
896 0.9206353200
897 0.9208785900
898 0.9211218600
899 0.9213651300
900 0.9216084000
901 0.9218516700
902 0.9220949400
903 0.9223382100
904 0.9225814800
905 0.9228247500
906 0.9230680200
907 0.9233112900
908 0.9235545600
909 0.9237978300
910 0.9240411000
911 0.9242843700
912 0.9245276400
913 0.9247709100
914 0.9250141800
915 0.9252574500
916 0.9255007200
917 0.9257439900
918 0.9259872600
919 0.9262305300
920 0.9264738000
921 0.9267170700
922 0.9269603400
923 0.9272036100
924 0.9274468800
925 0.9276901500
926 0.9279334200
927 0.9281766900
928 0.9284199600
929 0.9286632300
930 0.9289065000
931 0.9291497700
932 0.9293930400
933 0.9296363100
934 0.9298795800
935 0.9301228500
936 0.9303661200
937 0.9306093900
938 0.9308526600
939 0.9310959300
940 0.9313392000
941 0.9315824700
942 0.9318257400
943 0.9320690100
944 0.9323122800
945 0.9325555500
946 0.9327988200
947 0.9330420900
948 0.9332853600
949 0.9335286300
950 0.9337719000
951 0.9340151700
952 0.9342584400
953 0.9345017100
954 0.9347449800
955 0.9349882500
956 0.9352315200
957 0.9354747900
958 0.9357180600
959 0.9359613300
960 0.9362046000
961 0.9364478700
962 0.9366911400
963 0.9369344100
964 0.9371776800
965 0.9374209500
966 0.9376642200
967 0.9379074900
968 0.9381507600
969 0.9383940300
970 0.9386373000
971 0.9388805700
972 0.9391238400
973 0.9393671100
974 0.9396103800
975 0.9398536500
976 0.9400969200
977 0.9403401900
978 0.9405834600
979 0.9408267300
980 0.9410700000
981 0.9413132700
982 0.9415565400
983 0.9417998100
984 0.9420430800
985 0.9422863500
986 0.9425296200
987 0.9427728900
988 0.9430161600
989 0.9432594300
990 0.9435027000
991 0.9437459700
992 0.9439892400
993 0.9442325100
994 0.9444757800
995 0.9447190500
996 0.9449623200
997 0.9452055900
998 0.9454488600
999 0.9456921300
1000 0.9459354000
